0.25 1.03741
0.75 1.03792
1.25 1.03749
1.75 1.03741
2.25 1.03782
2.75 1.03772
3.25 1.03704
3.75 1.0366
4.25 1.03775
4.75 1.04117
5.25 1.04709
5.75 1.05492
6.25 1.06412
6.75 1.07377
7.25 1.08341
7.75 1.09235
8.25 1.10051
8.75 1.10746
9.25 1.11343
9.75 1.11813
10.25 1.12195
10.75 1.12461
11.25 1.12663
11.75 1.12767
12.25 1.12832
12.75 1.12815
13.25 1.12781
13.75 1.12677
14.25 1.12577
14.75 1.12413
15.25 1.12272
15.75 1.12068
16.25 1.11904
16.75 1.11674
17.25 1.11501
17.75 1.11255
18.25 1.11083
18.75 1.10826
19.25 1.10662
19.75 1.10399
20.25 1.1025
20.75 1.09982
21.25 1.09851
21.75 1.09578
22.25 1.0947
22.75 1.0919
23.25 1.09109
23.75 1.08819
24.25 1.08771
24.75 1.08463
