0.125 1.03762
0.375 1.0377
0.625 1.03772
0.875 1.03773
1.125 1.03773
1.375 1.03774
1.625 1.03774
1.875 1.03774
2.125 1.03774
2.375 1.03775
2.625 1.03775
2.875 1.03775
3.125 1.03773
3.375 1.03772
3.625 1.03775
3.875 1.03793
4.125 1.03837
4.375 1.03921
4.625 1.04056
4.875 1.04248
5.125 1.04501
5.375 1.04813
5.625 1.05178
5.875 1.05589
6.125 1.06035
6.375 1.06507
6.625 1.06995
6.875 1.07488
7.125 1.07979
7.375 1.0846
7.625 1.08925
7.875 1.0937
8.125 1.0979
8.375 1.10184
8.625 1.1055
8.875 1.10887
9.125 1.11194
9.375 1.11471
9.625 1.11719
9.875 1.1194
10.125 1.12133
10.375 1.12301
10.625 1.12444
10.875 1.12564
11.125 1.12663
11.375 1.12741
11.625 1.12801
11.875 1.12844
12.125 1.12871
12.375 1.12882
12.625 1.12881
12.875 1.12867
13.125 1.12842
13.375 1.12807
13.625 1.12762
13.875 1.12709
14.125 1.12649
14.375 1.12582
14.625 1.12509
14.875 1.1243
15.125 1.12348
15.375 1.1226
15.625 1.12169
15.875 1.12075
16.125 1.11978
16.375 1.11878
16.625 1.11778
16.875 1.11674
17.125 1.1157
17.375 1.11464
17.625 1.11359
17.875 1.11251
18.125 1.11145
18.375 1.11036
18.625 1.10931
18.875 1.10822
19.125 1.10717
19.375 1.10608
19.625 1.10505
19.875 1.10396
20.125 1.10295
20.375 1.10187
20.625 1.10089
20.875 1.09982
21.125 1.09887
21.375 1.0978
21.625 1.09689
21.875 1.09582
22.125 1.09496
22.375 1.09388
22.625 1.09308
22.875 1.09199
23.125 1.09126
23.375 1.09013
23.625 1.08949
23.875 1.08832
24.125 1.08779
24.375 1.08653
24.625 1.08618
24.875 1.08475
