0.005 0.144993667227136
0.015 0.230042490353431
0.025 0.309352336119324
0.035 0.385228094279733
0.045 0.457959355211741
0.055 0.527193672586188
0.065 0.592438945016576
0.075 0.653276283468692
0.085 0.709470609220276
0.095 0.76103352714962
0.105 0.808256331985675
0.115 0.8517002124704
0.125 0.89219049976067
0.135 0.930788265314614
0.145 0.96801774369816
0.155 0.9974436392534
0.165 0.997692496520559
0.175 0.997692479930388
0.185 0.997692413042937
0.195 0.997692212482149
0.205 0.997691637495791
0.215 0.997690107368152
0.225 0.997686065794636
0.235 0.997675586960536
0.245 0.997648433158721
0.255 0.997578251299288
0.265 0.997396659863445
0.275 0.996925053247339
0.285 0.995696195849525
0.295 0.992507910389011
0.305 0.984030760880611
0.315 0.963409018409955
0.325 0.935870146777514
0.335 0.906550025567815
0.345 0.874367002886122
0.355 0.840226057816546
0.365 0.805444381713175
0.375 0.770777906857226
0.385 0.736275212578953
0.395 0.698681769427295
0.405 0.654824348617774
0.415 0.6022232724569
0.425 0.539847873396038
0.435 0.468259057351536
0.445 0.389221128933234
0.455 0.30506203449631
0.465 0.218018935608236
0.475 0.129820027899393
0.485 0.0414233876409149
0.495 -0.0468183035345112
0.505 -0.134460936563493
0.515 -0.220763496298499
0.525 -0.304794622422126
0.535 -0.385529120454575
0.545 -0.461985522633645
0.555 -0.53336889849685
0.565 -0.599199410682684
0.575 -0.659390574092165
0.585 -0.714265462769359
0.595 -0.764493082638141
0.605 -0.810972690775939
0.615 -0.854704612272526
0.625 -0.896281720875212
0.635 -0.938452864333922
0.645 -0.980983940546189
0.655 -0.997988081476827
0.665 -0.997988078102528
0.675 -0.997988060159922
0.685 -0.997987995223369
0.695 -0.99798780473037
0.705 -0.997987280713656
0.715 -0.997985904712345
0.725 -0.997982311578854
0.735 -0.997973057003177
0.745 -0.997949202819394
0.755 -0.997887833532526
0.765 -0.997729863113787
0.775 -0.997321906915049
0.785 -0.996269756766271
0.795 -0.993549684067168
0.805 -0.986417925937711
0.815 -0.967753423703634
0.825 -0.934876566721544
0.835 -0.901603987084191
0.845 -0.868385017660009
0.855 -0.835822960033288
0.865 -0.8040621543768
0.875 -0.773338363678445
0.885 -0.738828588107171
0.895 -0.697848457131228
0.905 -0.649455388355606
0.915 -0.593447610390294
0.925 -0.530373158989762
0.935 -0.461329852936607
0.945 -0.387716599923723
0.955 -0.310982166677917
0.965 -0.232417715017392
0.975 -0.152977299305386
0.985 -0.0932985290602161
0.995 0.0459103493761963
