0.005 -0.0208665293398789
0.015 0.0418572957422287
0.025 0.104415929200821
0.035 0.166562480689958
0.045 0.228051686162972
0.055 0.288640875817605
0.065 0.348090931802858
0.075 0.406167231907906
0.085 0.46264057550877
0.095 0.517288088118475
0.105 0.569894100970825
0.115 0.620251002166492
0.125 0.668160056022336
0.135 0.713432187390353
0.145 0.755888727850904
0.155 0.795362120835338
0.165 0.831696582895224
0.175 0.864748718508449
0.185 0.894388085995831
0.195 0.920497712314836
0.205 0.942974554698738
0.215 0.961729907319339
0.225 0.976689751368352
0.235 0.987795047175817
0.245 0.99500196721271
0.255 0.998282069058173
0.265 0.997622407648759
0.275 0.993025586366679
0.285 0.984509746765447
0.295 0.972108496973452
0.305 0.95587077905803
0.315 0.935860675873485
0.325 0.912157158155341
0.335 0.884853772858924
0.345 0.854058273972269
0.355 0.819892197260355
0.365 0.78249038061897
0.375 0.742000431931132
0.385 0.698582146526215
0.395 0.652406876540783
0.405 0.603656854669995
0.415 0.552524474978408
0.425 0.499211533608503
0.435 0.443928432383501
0.445 0.386893348447491
0.455 0.328331373219916
0.465 0.268473624062578
0.475 0.207556332164996
0.485 0.145819910247828
0.495 0.083508003763692
0.505 0.0208665293398785
0.515 -0.041857295742229
0.525 -0.104415929200821
0.535 -0.166562480689959
0.545 -0.228051686162972
0.555 -0.288640875817605
0.565 -0.348090931802858
0.575 -0.406167231907906
0.585 -0.46264057550877
0.595 -0.517288088118476
0.605 -0.569894100970825
0.615 -0.620251002166492
0.625 -0.668160056022336
0.635 -0.713432187390354
0.645 -0.755888727850904
0.655 -0.795362120835338
0.665 -0.831696582895224
0.675 -0.864748718508449
0.685 -0.894388085995831
0.695 -0.920497712314836
0.705 -0.942974554698738
0.715 -0.961729907319339
0.725 -0.976689751368352
0.735 -0.987795047175817
0.745 -0.99500196721271
0.755 -0.998282069058173
0.765 -0.997622407648759
0.775 -0.99302558636668
0.785 -0.984509746765448
0.795 -0.972108496973452
0.805 -0.95587077905803
0.815 -0.935860675873485
0.825 -0.912157158155341
0.835 -0.884853772858924
0.845 -0.854058273972268
0.855 -0.819892197260355
0.865 -0.78249038061897
0.875 -0.742000431931133
0.885 -0.698582146526215
0.895 -0.652406876540783
0.905 -0.603656854669995
0.915 -0.552524474978408
0.925 -0.499211533608504
0.935 -0.443928432383501
0.945 -0.386893348447491
0.955 -0.328331373219916
0.965 -0.268473624062578
0.975 -0.207556332164996
0.985 -0.145819910247828
0.995 -0.0835080037636924
