1 0.593300592077164  0.197091124178262  0.170283629184587
2 0.943635041908961  0.285574572967884  0.233174255310331
3 1.40905989364221  0.43158654370816  0.33330241839849
4 2.10819880230955  0.743012072198357  0.545142232926299
5 4.0860111628648  2.08629466070377  1.19390563867067
6 11.2592227399809  12.7805364522964  4.12834483164538
7 521.101445424972  9133.3736005373  2302.72646529579
8 302634136.168467  265494765226.006  36499284017.0593
9 7.98122525758689e+24  1.5652878875661e+34  8.53894087936371e+32
10 nan  nan  nan
1 0.216842214176352  0.136076764287886  0.138429901427205
2 0.168625318318159  0.128400774470428  0.127683237863163
3 0.164242737542893  0.185637498937434  0.162472281408045
4 0.529166806552295  0.437559249136058  0.354174607341534
5 2.785891272564  1.19782584457544  0.854462852479646
6 16.3300280184134  12.8012091483109  6.7142083411553
7 670.34554964853  273538.506028902  5674.24745847879
8 16656775049.7512  4833602869715.28  1452243981050.64
9 7.41660959994012e+22  3.03727484715236e+32  7.70342025631342e+31
10 nan  nan  nan
1 0.0650155839786301  0.170076971947285  0.163099619568095
2 0.132873922519281  0.184577274129349  0.174806925842781
3 0.367035212287647  0.420186429195227  0.328382791861843
4 1.45812888885083  1.65639202470357  1.27893549750772
5 9.21016077692874  24.5199348207653  17.2126350784367
6 1560.86563616424  170004.088773506  17313.44521861
7 2024363650666.46  9.79773744878213e+16  533094423165355
8 2.30450031138837e+21  2.40370363239444e+34  8.83649882238308e+30
9 nan  nan  nan
1 0.216842214176352  0.136076764287886  0.138429901427205
2 0.168625318318159  0.128400774470428  0.127683237863163
3 0.164242737542893  0.185637498937434  0.162472281408045
4 0.529166806552295  0.437559249136058  0.354174607341534
5 2.785891272564  1.19782584457544  0.854462852479646
6 16.3300280184134  12.8012091483109  6.7142083411553
7 670.34554964853  273538.506028902  5674.24745847879
8 16656775049.7512  4833602869715.28  1452243981050.64
9 7.41660959994012e+22  3.03727484715236e+32  7.70342025631342e+31
10 nan  nan  nan
1 0.173473771341081  0.108861411430309  0.110743921141764
2 0.139680185533445  0.0992606075231256  0.0988414184208125
3 0.115913815002543  0.115249141724206  0.107318027663234
4 0.184052473015788  0.151217309543106  0.130751930743722
5 0.689354724166372  0.283496695965852  0.226073618946913
6 3.12641300829683  1.44435126357185  1.03530759137418
7 16.1403359245049  18.6879343843492  5.83381205829196
8 447.0403446447  5375.18125695899  1616.31297281476
9 415210495.239497  842715288152.278  25824593479.4616
10 1.16188423660156e+23  1.21098158473491e+32  5.25371940329834e+30
11 nan  nan  nan
1 0.0636012802594147  0.0258057087133105  0.0258545242402653
2 0.0585944368552445  0.0251246418352626  0.0251612536996642
3 0.0541126067711466  0.0246367554929478  0.0246640950417921
4 0.0499837792582092  0.0243163641018804  0.0243362518221662
5 0.0461333387962687  0.0241407270616899  0.0241546150215406
6 0.0425229018322964  0.0240895855221922  0.0240986428389108
7 0.0391279921989634  0.0241440883924473  0.0241492098848269
8 0.0359331387140711  0.0242867254057963  0.0242887384822377
9 0.0329251364919741  0.0245015875221649  0.024500891187138
10 0.0301002734178554  0.0247818195185241  0.0247793923175877
11 0.0274728453450787  0.0251325609239723  0.0251279942622195
12 0.0251690843093513  0.0255774728015415  0.0255730901511749
13 0.0237779753370734  0.0261373566111742  0.0261303201230752
14 0.0258873439522221  0.0267713157830133  0.0267676342202537
15 0.0385487849422044  0.0275639746859295  0.027547958698542
16 0.0744250005357068  0.0282875674364152  0.028272376968508
17 0.156577812055522  0.0298874987463545  0.0297738842908148
18 0.337023456351678  0.0320743987481216  0.0317905693638716
19 0.730922633139384  0.0398240803037519  0.0386550506077004
20 1.59321958369653  0.0558867271307193  0.0525948630935409
21 3.4863774397833  0.101792356873574  0.0936842094129185
22 7.65519720210858  0.197299419910683  0.179099779419199
23 16.8560850968956  0.423462244173364  0.386196552359057
24 37.2019164705372  0.899617414114371  0.821107563025236
25 82.2526950514734  1.97496207799888  1.81358464380239
26 182.099553023881  4.31684524544234  3.9733822849277
27 403.500554143679  9.56188703164931  8.81964640913714
28 894.501271376197  21.3879683181786  19.5459527608575
29 1983.15041567213  76.4768994041483  42.8530506937131
30 4399.64872491811  1597.28033107538  2910.26019192541
31 26592619.5392459  8330226471.08139  2284166012.1915
32 6.20804132940048e+25  2.91300287501737e+34  6.78576577658607e+33
33 nan  nan  nan
1 0.0368724040222064  0.0330418254660657  0.0329793688643705
2 0.0380245728793001  0.032619222530491  0.03255823304006
3 0.0392326469645473  0.0322920588457418  0.0322333666301757
4 0.0404744314223932  0.0320650935704521  0.0320094593727494
5 0.0417281053182107  0.031943432422786  0.0318912110408507
6 0.0429749619666234  0.0319328393060935  0.0318837129120383
7 0.0442019600199749  0.0320403873277451  0.0319935198574132
8 0.0454028371842519  0.032285063233697  0.0322400724645636
9 0.0465772441663382  0.0327135379987342  0.0326720459360047
10 0.0477286875640087  0.0333759241773083  0.0333413059152113
11 0.0488613843400673  0.0343045737802359  0.0342771949050798
12 0.0499749654747213  0.0356937241269293  0.0356652916608522
13 0.0510601537859592  0.0381607916443952  0.0381178129837232
14 0.0521025535519066  0.0423873506869012  0.0423263702410061
15 0.0530902863294582  0.0480978954704568  0.0480348044894052
16 0.0540028932518863  0.0537541992800202  0.0537139201229639
17 0.0547681189298162  0.0574262752328323  0.0574264627228163
18 0.0552143814854724  0.0577942334127684  0.0578356181993463
19 0.0550702334382074  0.0546649451829689  0.0547287015893888
20 0.0540313131820387  0.0490776404317138  0.0491274841792025
21 0.0518652530634566  0.0431934004602933  0.0431839487784384
22 0.0485095425973155  0.039784992267862  0.039687479959066
23 0.0441380205609578  0.040582431735572  0.0404196678519419
24 0.0391962437173432  0.0446374686023236  0.0444640347209435
25 0.0344094075576186  0.0495422747905739  0.0493953381175575
26 0.0307208216302738  0.0533802664085042  0.053270306883859
27 0.0290126073279918  0.0551845851421882  0.0551057849998001
28 0.0295641519758744  0.0547180129317605  0.054657698060853
29 0.0318123618577637  0.0522265811700505  0.0521713701039801
30 0.0348180266797786  0.0482652573497173  0.0482045894573416
31 0.0377857750156148  0.0435676775368754  0.0434951220898766
32 0.0402118424136609  0.0389247200079444  0.038836852785728
33 0.0418387816798158  0.0350441942279685  0.0349368552871024
34 0.0425873119724738  0.032385421364505  0.0322496873408872
35 0.042506174525339  0.0310292762763317  0.0308526199337037
36 0.0417355852674443  0.0307036231393219  0.0304777265644579
37 0.0404745110159438  0.0309767194628162  0.0307043907199386
38 0.0389460202574913  0.0314602814583784  0.0311547218036047
39 0.0373608592465451  0.0319008417304741  0.031579287206634
40 0.0358848497886794  0.0321755790894803  0.0318531174829683
41 0.0346182602212498  0.032251562418513  0.0319384035303855
42 0.0335928458871497  0.032142473038409  0.0318444351574573
43 0.0327854390028303  0.0318761847800885  0.0315964721081505
44 0.0321403834776655  0.0314815603405245  0.0312220282591145
45 0.0315916103697856  0.0309931771762065  0.0307545201847676
46 0.0310786738948467  0.0304564532767811  0.0302380333152721
47 0.0305555279813387  0.0299167792752727  0.0297169437036772
48 0.0299933626021977  0.029399931802931  0.029216752110184
49 0.0293796382037432  0.0289060217283427  0.0287377672444102
50 0.0287155372051033  0.0284234385803845  0.0282684900607995
51 0.0280135643952629  0.0279450883551667  0.0278016507770012
52 0.0272959538983704  0.0274695096519477  0.0273355407965027
53 0.0265934261516018  0.026990287830494  0.0268636592777924
54 0.0259433837947198  0.0264897727337715  0.0263684341344762
55 0.0253869397526661  0.025944851949482  0.0258268814692827
56 0.0249647391689753  0.0253376828931195  0.0252213075564844
57 0.0247119240980613  0.0246606269810134  0.0245443219666025
58 0.0246528139901982  0.0239128153691497  0.0237954695098384
59 0.0247961646066111  0.0230941858363166  0.0229752357061475
60 0.0251321560757788  0.0222034923284377  0.0220829679964046
61 0.0256321426069002  0.0212415699926524  0.0211200836615995
62 0.0262514660044429  0.0202165377686683  0.0200952624322758
63 0.0269346655284902  0.0191472518187988  0.0190278694051355
64 0.0276218083422302  0.0180636559640406  0.017948201710873
65 0.0282546469734195  0.0170044914025208  0.016895061861677
66 0.0287816611000237  0.0160130582436581  0.0159114479324807
67 0.0291614595010023  0.015131648318231  0.0150390295879351
68 0.0293643843619309  0.0143960209182406  0.0143127350830533
69 0.0293724885299296  0.0138320114988231  0.0137574632524806
70 0.0291783476071108  0.0134552735860754  0.0133879156934757
71 0.028783357575085  0.0132724824750533  0.0132099463912643
72 0.0281961776218102  0.0132810292061765  0.0132204829032006
73 0.0274317930825389  0.0134664076631645  0.0134051099112493
74 0.0265113668861549  0.0137999712050151  0.0137358213453765
75 0.0254627336646465  0.0142403790982096  0.014172224728798
76 0.024321154834997  0.0147391775428527  0.0146667976649489
77 0.0231298107564418  0.0152479159149495  0.0151717883828883
78 0.0219394143088334  0.015723733819758  0.015644762249487
79 0.0208062520165956  0.0161320035350621  0.0160513174520156
80 0.0197879619267283  0.0164465098708537  0.0163653555707285
81 0.0189366948810188  0.0166486456322164  0.0165683253340671
82 0.0182903214255989  0.01672703200128  0.0166488405408449
83 0.0178639899462125  0.016678192513103  0.0166033246650762
84 0.017645550168516  0.0165079562440426  0.0164373875167771
85 0.0175975155757618  0.0162326275575101  0.0161669902893543
86 0.0176652129699455  0.0158788662877488  0.0158183480967218
87 0.0177878427845744  0.0154816013130298  0.0154258901518865
88 0.0179086269648557  0.0150799194385829  0.0150282148592355
89 0.0179818049515575  0.0147115183018051  0.0146626224846227
90 0.0179761351196962  0.0144068555337199  0.0143593446222549
91 0.0178756077976453  0.0141844353322158  0.0141368873380294
92 0.0176782833560099  0.0140485476467503  0.0139997751319827
93 0.01739398234122  0.0139900862209832  0.0139393098500876
94 0.0170413093003412  0.0139900357120211  0.0139369531872836
95 0.0166443224449598  0.0140243811785354  0.0139691266340442
96 0.0162290905682765  0.0140689885688056  0.014012014942739
97 0.0158203890101497  0.0141033900928647  0.0140453224120685
98 0.0154388408570965  0.0141130116840798  0.0140545121535083
99 0.0150988498121062  0.0140898776769547  0.0140315453710992
100 0.0148076278378387  0.014032112081491  0.0139744226324481
101 0.0145654516173121  0.0139426600145425  0.0138859402413926
102 0.0143670181705678  0.0138276412027602  0.0137720704985565
103 0.0142035173022708  0.0136946701580596  0.0136403012155953
104 0.0140649117726645  0.0135513725330031  0.0134981645617965
105 0.0139419589656453  0.0134042262724263  0.0133520825006268
106 0.0138276728614743  0.0132577811503817  0.0132065808103892
107 0.0137181223019222  0.0131142643601266  0.0130638807647896
108 0.0136126193724382  0.0129735488024599  0.0129238508515005
109 0.0135134423476443  0.0128334272929273  0.0127842693302967
110 0.0134252664495036  0.0126900972239453  0.012641306997959
111 0.0133544609222222  0.0125387318688044  0.012490105507684
112 0.0133083708621823  0.0123740156774989  0.0123253231981857
113 0.0132946516077225  0.0121905550896399  0.0121415540059793
114 0.013320674502694  0.0119831277904658  0.0119335794592295
115 0.0133929860133024  0.0117467817292877  0.0116964659407881
116 0.0135167854944304  0.0114768314485285  0.0114255576065004
117 0.0136953936832505  0.0111688246294843  0.0111164402529428
118 0.0139297105967118  0.0108185657839698  0.0107649637889282
119 0.0142176968501981  0.0104222800895376  0.0103674056952445
120 0.0145539413260093  0.00997697707780111  0.00992083420710487
121 0.014929388281652  0.0094810467402221  0.00942370310070138
122 0.0153312855255079  0.00893511518640654  0.00887670493694046
123 0.0157433897128646  0.0083432180593511  0.00828394113589703
124 0.0161464370576951  0.00771440929670197  0.00765452767175471
125 0.0165188661311342  0.00706498073787632  0.00700481542707087
126 0.0168377648911363  0.00642144527298876  0.00636138510926479
127 0.017080002662483  0.00582405786103796  0.00576459909960105
128 0.0172234956254716  0.00532914992899137  0.00527097260488356
129 0.01724854126766  0.00500499650751089  0.00494899147637035
130 0.0171391467476608  0.00491324959313342  0.00486025914327986
131 0.0168842733383326  0.00507858151367964  0.00502880370480858
132 0.0164789281753913  0.0054724420856994  0.00542509551959767
133 0.0159250567176626  0.00602936045648245  0.00598305869059458
134 0.0152322222279471  0.00667581321318961  0.00662919311437281
135 0.0144180956029587  0.00734762831588672  0.00729973054679337
136 0.013508807279999  0.0079944675823154  0.00794483582861183
137 0.0125392073359757  0.00857876965355513  0.00852740661787857
138 0.0115529869872842  0.00907370910734346  0.00902098554243085
139 0.0106023321264906  0.00946154605781487  0.00940810326784253
140 0.00974617388115835  0.00973246672814331  0.00967912528786078
141 0.00904523717152933  0.00988373055751094  0.00983140781813484
142 0.00855191234218499  0.00991895314728638  0.00986858891226662
143 0.00829572489027377  0.00984741625452585  0.00979990516144577
144 0.00827133009105622  0.00968334211810779  0.00963947120081099
145 0.00843858978951892  0.00944509079925853  0.00940548109571216
146 0.00873598380986092  0.00915423925206274  0.00911929132608356
147 0.00909796904442987  0.00883448605999327  0.00880433131466916
148 0.0094671152870516  0.00851030936422103  0.00848477242734217
149 0.00979908765504686  0.00820531444624794  0.00818389645983757
150 0.010062985492171  0.00794028280851745  0.00792217920768787
151 0.0102397405191434  0.00773110680595497  0.00771527186316766
152 0.0103200829240715  0.00758702407593527  0.00757228366585783
153 0.0103026571633745  0.00750970248646778  0.00749489738004409
154 0.010192424015398  0.00749358333356452  0.00747770861305631
155 0.00999932568349995  0.0075274563590382  0.00750976166367607
156 0.00973715045965116  0.00759677391157811  0.00757680621764126
157 0.00942253027709181  0.00768602420938694  0.00766361733144679
158 0.00907400663354065  0.00778063936846974  0.00775586842922875
159 0.00871109994952595  0.00786822442691241  0.00784134536574697
160 0.00835331879709918  0.00793914859716078  0.00791053722971369
161 0.00801906166865023  0.00798665935889347  0.00795675762960862
162 0.00772441307413406  0.00800669248896562  0.00797596453809886
163 0.00748192836374123  0.00799751427991392  0.00796641225153883
164 0.00729961775156329  0.00795928681869278  0.00792822529629108
165 0.00718041296733582  0.00789361115172106  0.00786294894528106
166 0.0071223456238478  0.00780308003033292  0.00777310822071698
167 0.0071194640130916  0.00769085927286339  0.00766179466364264
168 0.00716326212777216  0.00756031072834885  0.0075322940447859
169 0.00724424389608476  0.00741466706238155  0.00738776534019847
170 0.00735327170292367  0.00725676695519433  0.00723097958334695
171 0.00748249731803538  0.00708885773144033  0.00706412557139752
172 0.00762583657151775  0.0069124705098906  0.00688868743292804
173 0.00777905516585403  0.00672837049096372  0.00670539658498535
174 0.00793957241013686  0.00653658192188173  0.00651425755522562
175 0.00810608664020039  0.00633648378537581  0.00631464370884306
176 0.00827810721279022  0.00612696897282136  0.0061054557104903
177 0.00845545885285152  0.00590665759023356  0.00588533351108672
178 0.00863780977860707  0.00567415502550212  0.0056529126800496
179 0.00882426444912899  0.00542834794960362  0.00540711847053733
180 0.00901305220539605  0.00516873642452988  0.00514749600581032
181 0.00920133247880413  0.00489580717926641  0.00487458185242479
182 0.00938512532057387  0.00461146079776184  0.00459032990698558
183 0.00955936399373838  0.00431951130979015  0.00429861020132438
184 0.00971805612107927  0.00402627262132583  0.00400579492522428
185 0.00985453285594699  0.00374121149273633  0.00372141045202314
186 0.00996176219793756  0.00347753523318799  0.00345872064288866
187 0.0100327023805142  0.00325232341590674  0.0032348443473069
188 0.0100606731357305  0.00308540371454788  0.00306959893679233
189 0.0100397255082176  0.00299598762114945  0.00298208911721555
190 0.00996499401509967  0.00299710810848575  0.00298512179364862
191 0.00983301804316561  0.003090439622856  0.00308008348596387
192 0.00964202248184106  0.00326529921766475  0.00325606270190589
193 0.00939215087653639  0.00350253543435599  0.00349382110372271
194 0.00908564793137021  0.00378006530957417  0.00377131968376244
195 0.00872699179291495  0.00407690075890313  0.00406768596852072
196 0.00832297950628157  0.00437498699440632  0.00436500065405078
197 0.007882769795316  0.00465962560547353  0.0046486928180712
198 0.0074178828516848  0.00491930559672583  0.00490736046936551
199 0.00694214172906268  0.00514539073179195  0.00513245577539366
200 0.00647150591748382  0.00533182799174191  0.00531799443468252
201 0.00602368593894862  0.00547490870017845  0.0054603184419545
202 0.00561734152687613  0.00557306873433477  0.00555789789655514
203 0.00527060234947593  0.00562670638607566  0.00561115026247278
204 0.00499874154105231  0.0056380004765696  0.00562225972885683
205 0.00481125559725386  0.00561071692365258  0.00559498496598511
206 0.00470931209500083  0.00554999555949127  0.00553444718157182
207 0.0046849237341627  0.00546210988836591  0.00544689128641349
208 0.0047225585935472  0.00535419130894509  0.00533941183467216
209 0.00480249613550173  0.00523390774149344  0.00521963384369676
210 0.00490439886870479  0.00510908724859349  0.00509533924645901
211 0.00500992839270053  0.00498728359973859  0.00497403602427173
212 0.00510411409751752  0.00487529600688668  0.0048624821598655
213 0.00517576535156724  0.00477867974829632  0.00476620072395572
214 0.00521734435731677  0.00470131204700017  0.00468904968788639
215 0.00522461149212651  0.00464509482732921  0.00463292709381067
216 0.00519621681591098  0.00460986721962772  0.00459768362884884
217 0.00513331423765546  0.0045935600540523  0.00458127463360242
218 0.00503922115426722  0.0045925650487753  0.00458012484167677
219 0.00491911971698465  0.00460223971582357  0.00458962802338575
220 0.00477978151246247  0.00461744782184678  0.00460468256416743
221 0.00462928637738262  0.00463304835066846  0.00462017672424681
222 0.00447669467669462  0.004644279544976  0.00463137042670359
223 0.00433162274567873  0.00464702029018798  0.00463415570314895
224 0.00420367269576341  0.00463793687770346  0.00462520351350991
225 0.00410169674367913  0.00461453620652524  0.00460201766260607
226 0.00403294665123908  0.00457514964807032  0.00456291977066339
227 0.00400225989031522  0.00451886951077799  0.00450698705241969
228 0.00401151008063246  0.0044454557943769  0.00443396048241882
229 0.00405952242848472  0.00435522671734628  0.00434413676280862
230 0.00414250262790138  0.00424894315206193  0.00423825418427852
231 0.00425483359741759  0.00412769474563394  0.00411738012230591
232 0.00438998497792867  0.0039927939770874  0.0039828063823557
233 0.00454130647652189  0.0038456834605175  0.00383595766150789
234 0.00470258455590345  0.0036878612295166  0.00367831781504595
235 0.00486834922572441  0.0035208283747878  0.00351137825334345
236 0.00503397947622977  0.0033460631792445  0.00333661257597503
237 0.00519567325109335  0.00316502581889079  0.00315548149643215
238 0.0053503403017572  0.00297919788491541  0.0029694723381048
239 0.00549546087814701  0.0027901616190061  0.00278017808182622
240 0.00562893882234666  0.00259972499775655  0.00258942228204535
241 0.00574896690986645  0.00241010045316748  0.00239943794971881
242 0.0058539149995122  0.00222414561054138  0.00221310925449192
243 0.00594224667521881  0.0020456690029148  0.0020342795885691
244 0.00601246665718902  0.00187977921464836  0.00186810477033389
245 0.00606309872519905  0.00173318521727365  0.00172135794673305
246 0.00609269193294755  0.00161420489471575  0.00160243767467605
247 0.00609985138908608  0.00153203824741457  0.00152062368062265
248 0.00608328881907282  0.00149488459042368  0.00148415009624287
249 0.00604188750471468  0.00150723064587856  0.00149744408085061
250 0.00597477601271201  0.001567884682345  0.00155916113486393
251 0.0058814053312661  0.00167033108974076  0.00166260947325591
252 0.00576162457503873  0.00180503618342388  0.00179813072284783
253 0.00561575122281799  0.00196191668990164  0.00195559148773901
254 0.00544463284693432  0.0021318155669074  0.00212584068440081
255 0.00524969840813938  0.00230699996145706  0.00230118064283566
256 0.00503299834867812  0.00248113530287647  0.00247532230331161
257 0.00479723381837483  0.0026490892415596  0.0026431792585023
258 0.00454577624352034  0.00280673137447625  0.00280066319700564
259 0.00428267877556048  0.00295077960247815  0.00294452872818423
260 0.00401268032213875  0.00307869546082012  0.00307226833127971
261 0.00374119973975339  0.00318861611694805  0.00318204438637399
262 0.00347431047416743  0.00327930924491096  0.00327264420374135
263 0.00321867190361023  0.00335013944593111  0.00334344662643451
264 0.00298137102074814  0.00340103790796468  0.00339439188286325
265 0.00276960065939013  0.00343246957367196  0.00342594896909581
266 0.00259008791238114  0.00344539403790075  0.00343907679832944
267 0.0024482333915504  0.0034412177914287  0.00343517675052507
268 0.00234707705721392  0.0034217363920544  0.00341603521931788
269 0.00228643628928873  0.00338906581236764  0.00338375542325662
270 0.00226267184176147  0.00334556273331721  0.00334067827162709
271 0.00226931228014178  0.0032937340940237  0.00328929261952278
272 0.00229830659866519  0.00323613696080026  0.00323213599822992
273 0.00234138145603697  0.00317527092030319  0.0031716880383859
274 0.00239107274737527  0.00311346682973022  0.00311026040613221
275 0.00244129401175688  0.00305277778170787  0.00304988905522014
276 0.00248752475701338  0.00299488018839865  0.00299223659133742
277 0.00252676841563656  0.00294099428328371  0.00293851388893204
278 0.00255740262804087  0.00289183326210777  0.00288943000076113
279 0.00257899470331047  0.00284758812674551  0.0028451772679248
280 0.00259211541169507  0.00280795106841936  0.00280545439023371
281 0.00259816030708369  0.0027721747722544  0.00276952487689531
282 0.00259917559611402  0.00273915980199104  0.00273630318533296
283 0.00259768069438584  0.00270755870548897  0.00270445740564649
284 0.00259647949603043  0.0026758845104625  0.00267251638210856
285 0.00259845613975592  0.00264261276607577  0.0026389705995639
286 0.00260635832759316  0.00260626939446757  0.0026023591935527
287 0.0026225809076333  0.00256550024787921  0.0025613389987666
288 0.00264897161332418  0.0025191215148386  0.00251473474324562
289 0.00268668528233226  0.0024661524924834  0.00246157184070652
290 0.00273610890836286  0.00240583365267031  0.00240109463729013
291 0.00279686729771337  0.00233763354568824  0.00233277359223273
292 0.00286790228395974  0.00226124817761655  0.00225630497722418
293 0.00294760421619568  0.00217659633295553  0.00217160652858945
294 0.00303396795234381  0.00208381411365842  0.00207881229788246
295 0.00312474768830676  0.0019832519048777  0.00197826989516043
296 0.00321759266159695  0.00187547721577892  0.00187054356495918
297 0.00331015491627934  0.00176128756455638  0.00175642726328615
298 0.00340016784083731  0.00164173903391007  0.00163697337107078
299 0.00348549889124783  0.00151819866638116  0.00151354523971133
300 0.00356418199475487  0.00139243286150363  0.00138790578895852
301 0.00363443540752925  0.00126674923751292  0.00126235973689045
302 0.00369467010391814  0.00114421337786278  0.00113997109055582
303 0.00374349270829943  0.00102895300475286  0.00102486871525468
304 0.00377970588925811  0.000926504567075841  0.000922594967216657
305 0.00380230817824008  0.000843973197555942  0.00084026675712284
306 0.00381049439908929  0.000789419537548276  0.000785957261907247
307 0.00380365729650717  0.000769745895475743  0.000766565304382756
308 0.00378139050762436  0.000787549458761644  0.000784652458595905
309 0.00374349270680294  0.000839544856644961  0.000836879022428087
310 0.00368997254901647  0.000918316898644745  0.000915791367436968
311 0.00362105392639545  0.00101548550918602  0.00101300177266422
312 0.00353718102446176  0.00112374173849692  0.00112121457327973
313 0.00343902271006201  0.00123739381964979  0.00123475855073883
314 0.00332747589323823  0.00135217762953624  0.00134938984409709
315 0.00320366766980511  0.00146490456508073  0.00146193731254729
316 0.00306895625543806  0.00157316178903676  0.00157000251920725
317 0.00292493094164011  0.00167510226675858  0.00167175017523821
318 0.00277341149669161  0.0017693084791463  0.00176577231866366
319 0.00261644752234895  0.0018547066298005  0.00185100287640242
320 0.00245631811400979  0.00193051293857327  0.00192666418849661
321 0.00229553149361685  0.00199619938294519  0.00199223288558699
322 0.00213682263681631  0.00205147062231746  0.00204741688898896
323 0.00198314360343381  0.00209624677415216  0.00209213823078042
324 0.00183763547209879  0.00213064860452765  0.00212651827780644
325 0.00170356213826439  0.00215498291148942  0.00215086315332532
326 0.00158417670879018  0.00216972666889086  0.00216564793488067
327 0.00148248830402293  0.0021755090224917  0.00217149872794507
328 0.00140091598854903  0.00217309059169858  0.00216917207439369
329 0.00134087265682731  0.00216333979789971  0.00215953142097298
330 0.00130240415971637  0.00214720616321819  0.00214352059458084
331 0.00128405582253324  0.00212569074026259  0.00212213444648787
332 0.0012830743158223  0.00209981407454819  0.00209638706656659
333 0.00129589160510555  0.00207058238697715  0.00206727825097824
334 0.00131870559853823  0.00203895299833311  0.0020357592365716
335 0.00134797020549656  0.00200580038159858  0.00200269907307727
336 0.00138070383095119  0.00197188457164522  0.00196885334145383
337 0.00141462278034409  0.00193782390721333  0.00193483716672523
338 0.00144815197558366  0.00190407413306325  0.00190110452433696
339 0.00148036699482324  0.00187091566784268  0.00186793561943434
340 0.00151090487205473  0.00183845030877192  0.00183543359261711
341 0.00153986394705698  0.0018066078363975  0.00180353101149381
342 0.00156770143459034  0.00177516202263383  0.00177200566325454
343 0.00159513136300654  0.00174375461167071  0.00174050424422689
344 0.00162302351062673  0.00171192512019699  0.00170857182850753
345 0.001652304379938  0.00167914392308482  0.0016756846195946
346 0.00168386286551097  0.00164484609609598  0.00164128348963827
347 0.00171846506477814  0.00160846382906431  0.00160480614337484
348 0.00175668375728781  0.00156945578903935  0.00156571629866698
349 0.00179884779777186  0.00152733247149841  0.00152352892401195
350 0.00184501486662871  0.0014816772174745  0.00147783120565792
351 0.00189496812352093  0.00143216312677985  0.00142829946515916
352 0.00194823418008867  0.00137856654210145  0.00137471269171224
353 0.00200411736703551  0.00132077813735581  0.00131696371350257
354 0.00206174410067841  0.00125881297110669  0.00125506936257544
355 0.00212011131663601  0.00119282124491623  0.00118918137062482
356 0.00217813407220983  0.00112310205121315  0.00111960028196783
357 0.00223468899148133  0.0010501232621833  0.00104679554043366
358 0.002288651770594  0.000974552110951166  0.000971436306942883
359 0.0023389281924416  0.000897303188303416  0.000894439725859939
360 0.00238447892535809  0.000819613594085827  0.000817046330890614
361 0.00242433883274731  0.000743157941122254  0.000740935108529791
362 0.00245763169187411  0.000670214284590441  0.000668388767389469
363 0.00248358121061631  0.00060387062189348  0.000602497588732359
364 0.00250151912386382  0.000548182803822035  0.000547310441794471
365 0.00251089100470118  0.000508012090172228  0.00050765997348709
366 0.00251126027538953  0.000488087307876916  0.000488214817721984
367 0.00250231076880288  0.000491201358712961  0.000491690551437764
368 0.0024838480810306  0.000516704232977192  0.000517386147789316
369 0.00245579987287139  0.000560841644501421  0.000561550109660955
370 0.00241821522139227  0.000618563229494201  0.000619171203807559
371 0.00237126309088163  0.00068510845436809  0.000685533613238001
372 0.00231522998351026  0.000756645988478007  0.000756841024237496
373 0.00225051684236992  0.000830283218538733  0.000830224554052684
374 0.00217763531260349  0.000903868645952138  0.000903548119492391
375 0.00209720352043208  0.000975789997625842  0.000975209571718973
376 0.0020099416066892  0.0010448221023548  0.00104399063952861
377 0.00191666735418467  0.00111002362155963  0.00110895490013418
378 0.00181829238155373  0.00117066957086056  0.00116938100664581
379 0.00171581954562342  0.00122620755099053  0.00122471931155169
380 0.00161034240289418  0.00127622900194775  0.00127456333629265
381 0.00150304782099206  0.00132044972681103  0.00131863041202621
382 0.00139522306386696  0.00135869598059861  0.00135674783159366
383 0.00128826878120476  0.0013908937553957  0.00138884216929725
384 0.0011837190103143  0.00141705974627842  0.00141493026760889
385 0.00108326786003716  0.00143729302889001  0.00143511093016926
386 0.000988798602621807  0.0014517668347676  0.00144955671219002
387 0.00090240212258371  0.00146072004741415  0.0014585054342412
388 0.000826355591318098  0.00146444820569268  0.00146225120779892
389 0.000763010711708793  0.00146329391940735  0.00146113487851732
390 0.000714531248469139  0.00145763669262949  0.00145553388346881
391 0.000682463874631791  0.00144788222474501  0.00144585159275404
392 0.000667258108632655  0.00143445132447509  0.00143250627095359
393 0.000667994343024355  0.00141776863228794  0.00141591985383031
394 0.000682536571672615  0.00139825140305638  0.00139650679181081
395 0.000708051724566519  0.0013762986523768  0.00137466326288155
396 0.000741606696151653  0.00135228101307182  0.00135075710003511
397 0.000780593262313189  0.00132653167738459  0.00132511880665167
398 0.000822918244008622  0.00129933880827633  0.00129803404031616
399 0.000867022995590063  0.00127093978317967  0.00126973792479747
400 0.000911817766618647  0.00124151758057337  0.00124041149645018
401 0.000956589162758717  0.00121119953276412  0.00121018050423431
402 0.00100090917426628  0.00118005855167602  0.00117911666638823
403 0.00104455595297746  0.00114811679862987  0.00114724135192766
404 0.00108744805550183  0.00111535162948348  0.00111453151692806
405 0.00112959089027272  0.00108170352126343  0.00108092760193755
406 0.00117103355363111  0.0010470855932163  0.00104634300526087
407 0.00121183452635977  0.00101139428807342  0.00101067470100299
408 0.00125203513073762  0.000974520786605517  0.000973814578801544
409 0.00129163996594047  0.000936362792695194  0.000935661146454844
410 0.0013306036920611  0.000896836445529949  0.000896131355541988
411 0.00136882354825776  0.000855888287872653  0.000855172481517336
412 0.00140613692476811  0.000813507446469733  0.000812774215635634
413 0.00144232321906773  0.000769738473390994  0.000768981417626271
414 0.00147710913785568  0.000724695680288227  0.000723908360625558
415 0.00151017658475589  0.000678580312630581  0.000677755815882198
416 0.00154117230609489  0.000631702609679219  0.000630833027992596
417 0.00156971854702937  0.000584511703516873  0.000583587551595192
418 0.00159542408258288  0.000537637294063051  0.000536646934056373
419 0.00161789511534699  0.000491947410963354  0.000490876666848937
420 0.00163674565817939  0.000448624070558572  0.000447456444544278
421 0.00165160713491918  0.000409247292821717  0.000407965582989003
422 0.00166213702850263  0.000375846101080077  0.000374436582625539
423 0.0016680264816966  0.00035081364812942  0.000349273430668678
424 0.00166900681185533  0.000336531399051825  0.000334876448456185
425 0.00166485494039266  0.000334657931884655  0.000332924415357174
426 0.00165539776363426  0.000345421831172493  0.000343655171890773
427 0.00164051550808087  0.000367500757779909  0.000365739169262673
428 0.00162014412328203  0.000398600033612473  0.000396865398257338
429 0.00159427677240803  0.000436212980343562  0.000434512119896512
430 0.00156296448662719  0.000478101889446911  0.000476432380550231
431 0.00152631605653948  0.000522452642757964  0.000520808100786538
432 0.00148449724393136  0.000567850723022721  0.000566224083299884
433 0.00143772941172804  0.000613201815812488  0.000611586966581
434 0.0013862876912485  0.000657653509211947  0.000656045936023914
435 0.00133049883645862  0.000700534293190511  0.000698931212779942
436 0.00127073895896603  0.000741310155074157  0.000739710410412487
437 0.0012074314014214  0.000779554823696152  0.000777958678254692
438 0.00114104510103438  0.000814929586928569  0.000813338483655068
439 0.00107209393554162  0.000847169511398348  0.000845585825804486
440 0.00100113775752714  0.000876073823597684  0.000874500623370789
441 0.000928786150971352  0.000901498929915577  0.000899939745941032
442 0.00085570644899773  0.000923353057502257  0.000921811668151528
443 0.000782638319772143  0.000941591839660552  0.000940072069220994
444 0.000710418344601661  0.000956214398898442  0.000954719930921411
445 0.000640019449771425  0.000967259635522129  0.000965793842093198
446 0.00057261125285059  0.000974802535414789  0.000973368323650971
447 0.000509645993983571  0.000978950384350573  0.000977550061693249
448 0.000452963435543627  0.000979838828816891  0.000978473988869946
449 0.000404869653685589  0.000977627761981161  0.000976299192723941
450 0.000368057031958668  0.000972497042781814  0.000971204658958407
451 0.000345134512957892  0.000964642079186798  0.000963384880530961
452 0.000337670637447068  0.000954269325423415  0.00095304538211465
453 0.000345263313477584  0.000941591758677941  0.000940398225029258
454 0.000365548865570218  0.000926824414072805  0.000925657570915099
455 0.000395209808504196  0.000910180067882606  0.000909035393428406
456 0.000431052495579652  0.000891865167793692  0.000890737435937036
457 0.000470532141450909  0.000872076115071699  0.000870959519127985
458 0.000511810052793206  0.000850996006071751  0.000849884304917999
459 0.000553621295977955  0.000828791938800286  0.000827678621301763
460 0.000595118048113991  0.00080561298348921  0.000804491446075516
461 0.000635742957352498  0.000781588903951649  0.000780452635336021
462 0.000675138127254759  0.00075682969898359  0.000755672465415177
463 0.000713081977795733  0.000731426011161096  0.000730242035370036
464 0.000749445405575395  0.000705450425894308  0.000704234553124096
465 0.000784160794147559  0.000678959659356331  0.000677707504637057
466 0.000817199578244779  0.000651997613645071  0.000650705685767707
467 0.000848555639303425  0.000624599265756448  0.000623265065254479
468 0.000878232843365189  0.000596795358721083  0.000595417449532469
469 0.000906235678914902  0.000568617884106312  0.000567195941483056
470 0.00093256234364356  0.000540106390978451  0.000538641231719108
471 0.000957199858078693  0.000511315233812153  0.000509808839247679
472 0.000980120911407569  0.000482321987355479  0.000480777535175946
473 0.0010012822102034  0.000453237415025081  0.000451659343722955
474 0.00102062413002488  0.000424217575610212  0.000422611715972225
475 0.00103807148000941  0.000395478860429271  0.00039385268280369
476 0.00105353519268109  0.000367316864776148  0.000365679907516796
477 0.00106691475212322  0.000340129727138275  0.000338494282809344
478 0.00107810117727146  0.000314445240702762  0.000312827356761708
479 0.00108698038504602  0.000290947300077551  0.000289368036723692
480 0.00109343677054743  0.000270489102670312  0.000268975668074663
481 0.00109735685786099  0.000254067295260251  0.000252653056379669
482 0.00109863289396414  0.000242720246389287  0.000241441961960941
483 0.00109716627851005  0.000237328924043959  0.000236219992867655
484 0.0010928707426953  0.000238366799293704  0.000237448125372381
485 0.00108567521008745  0.000245730347020623  0.000245003879832652
486 0.00107552629057119  0.000258768342436171  0.00025821756644771
487 0.00106239037514831  0.000276486048892364  0.000276082352805149
488 0.00104625531413151  0.000297786818268871  0.00029749713730891
489 0.00102713167444821  0.000321640928229895  0.000321433281845788
490 0.00100505358361962  0.00034716077942833  0.000347007064532667
491 0.00098007917893549  0.000373612774777963  0.000373489612364238
492 0.000952290690963573  0.000400400225477309  0.000400288796517098
493 0.000921794201529858  0.000427038488050234  0.000426923976535569
494 0.000888719128630338  0.000453131771032851  0.000453002728128845
495 0.000853217505727982  0.000478354503174771  0.000478202261940405
496 0.000815463142550665  0.000502437346018408  0.000502255525164801
497 0.000775650781972203  0.000525157020621923  0.000524941117429736
498 0.000733995407923906  0.000546328991396702  0.000546076050834977
499 0.000690731921066248  0.000565802186451339  0.000565510531238578
500 0.000646115496731114  0.000583455122373889  0.000583124130395498
501 0.000600423098897226  0.000599192970250412  0.000598822888473436
502 0.000553956889944906  0.000612945232234306  0.000612537018910239
503 0.000507050730004307  0.000624663796431312  0.000624218985592022
504 0.000460081748163416  0.000634321209376249  0.000633841793355605
505 0.000413490347419416  0.000641909057014504  0.000641397384024869
506 0.00036781438861417  0.000647436382526676  0.000646895067266254
507 0.000323747163064901  0.000650928096721024  0.000650359942661527
508 0.000282233756262602  0.000652423357016606  0.000651831289484031
509 0.000244620999656309  0.000651973906293705  0.000651360915757321
510 0.000212846368490972  0.000649642374493728  0.000649011469657403
511 0.000189515734778486  0.000645500554753541  0.000644854725127814
512 0.000177428744344599  0.000639627672691621  0.000638969860336644
513 0.000178175339963769  0.000632108672641955  0.00063144175272827
514 0.000190829796121401  0.000623032548424838  0.000622359318175509
515 0.000212502448493474  0.000612490748820556  0.000611813924287435
516 0.000240024152823884  0.000600575689380278  0.000599897909380918
517 0.000270929091913239  0.000587379402646499  0.000586703239057915
518 0.000303552427099721  0.000572992358341986  0.000572320331824195
519 0.000336818908902845  0.000557502483731943  0.000556837083848947
520 0.000370033614467182  0.000540994412344954  0.000540338120974071
521 0.000402738896273971  0.000523548986835047  0.000522904303716739
522 0.000434625886501813  0.000505243039412359  0.000504612508700146
523 0.000465480751060389  0.000486149471609123  0.00048553570833857
524 0.00049515158835964  0.000466337655124854  0.000465743370634703
525 0.000523527472919477  0.000445874178480492  0.000445302203985819
526 0.0005505247554152  0.000424823972208789  0.000424277279937191
527 0.000576077825007629  0.000403251861292468  0.000402733582830197
528 0.000600132720348937  0.000381224622048218  0.000380738063765035
529 0.000622642640557158  0.000358813668647899  0.000358362324199581
530 0.000643564785349019  0.000336098573005198  0.000335686132793911
531 0.000662858170698343  0.000313171748289202  0.000312802105068101
532 0.000680482192338764  0.00029014482795985  0.00028982207581003
533 0.000696395782845282  0.000267157588520216  0.000266886007738159
534 0.000710557050857371  0.000244390743319244  0.000244174753219214
535 0.000722923315964508  0.000222084599885827  0.000221928638717788
536 0.000733451467380855  0.000200566284426723  0.000200474528225695
537 0.000742098583301575  0.000180288235634593  0.000180263976826347
538 0.000748822753484301  0.000161877337800858  0.000161921700616535
539 0.000753584051769134  0.000146180591317492  0.000146290154460062
540 0.000756345608890827  0.000134258964612462  0.000134422226854314
541 0.000757074739567667  0.000127234153869699  0.000127428467713288
542 0.000755744081721039  0.00012592344092594  0.000126116476209125
543 0.000752332709868163  0.00013043088450071  0.000130588844757496
544 0.000746827189221818  0.000140070465194789  0.000140167524132258
545 0.000739222541758826  0.000153707086888906  0.000153728773716249
546 0.000729523100400835  0.000170173129629051  0.000170113984614877
547 0.000717743232407207  0.000188491317732474  0.000188351182129045
548 0.000703907918049969  0.000207915418277372  0.000207696753165858
549 0.00068805317559227  0.000227892026956335  0.00022759846225321
550 0.000670226328530054  0.00024800883809253  0.000247644503512547
551 0.000650486116035991  0.000267952130313479  0.000267521383662588
552 0.000628902652687646  0.000287476690867557  0.000286984024737172
553 0.000605557249090893  0.000306385742902367  0.000305835762735196
554 0.000580542111305928  0.000324517837689575  0.000323915262831779
555 0.000553959944691722  0.000341738340929838  0.000341088008133366
556 0.000525923498007898  0.000357933888527192  0.000357240749976103
557 0.000496555098274859  0.00037300874928516  0.000372277862747087
558 0.00046598624944273  0.000386882409338671  0.000386118920373621
559 0.000434357404735183  0.000399487936264145  0.000398697053339054
560 0.000401818085829464  0.000410770835682226  0.000409957799343835
561 0.000368527636131003  0.000420688212132866  0.000419858259441288
562 0.000334657110898446  0.000429208109947403  0.000428366435325036
563 0.000300393234395442  0.000436308951817029  0.000435460665388997
564 0.00026594624843994  0.000441979020831794  0.000441129105251274
565 0.000231565461167676  0.000446215950932291  0.000445369217605884
566 0.000197571002015577  0.000449026204086549  0.000448187249642694
567 0.000164422162649452  0.000450424522031274  0.000449597685807224
568 0.000132874264788255  0.000450433347340639  0.000449622670598393
569 0.000104357177168665  0.000449082213706  0.000448291401222377
570 8.18295866165358e-05  0.000446407109146978  0.000445639493755473
571 7.06803733028343e-05  0.000442449818774533  0.000441708329364553
572 7.53790282524314e-05  0.000437257255925671  0.0004365443893263
573 9.2847818709661e-05  0.000430880792154854  0.000430198589243556
574 0.000116852966781786  0.000423375597826173  0.000422725624105819
575 0.000143552618041553  0.000414800006009563  0.000414183336787988
576 0.00017113587584982  0.000405214913146429  0.000404632123329059
577 0.000198726828576982  0.000394683230627669  0.000394134388993171
578 0.000225857847154298  0.000383269402159392  0.000382754069827835
579 0.000252252830466193  0.000371039002764338  0.000370556235383392
580 0.00027773434331382  0.000358058436739979  0.000357606789702772
581 0.000302180608360064  0.000344394754242806  0.000343972290005646
582 0.000325503917991298  0.000330115609945136  0.000329719906227541
583 0.000347638940379272  0.000315289393243165  0.000314917550558944
584 0.000368535914738414  0.000299985569036963  0.000299634215616562
585 0.000388156415514818  0.000284275283075799  0.000283940574795738
586 0.000406470546519993  0.000268232309230058  0.000267909921681808
587 0.000423454978248136  0.000251934452395573  0.000251619561767818
588 0.000439091513799643  0.000235465577078575  0.000235152826271627
589 0.000453366009102965  0.000218918518514262  0.000218601965296248
590 0.000466267548023688  0.000202399264978442  0.000202072311070511
591 0.000477787813951899  0.000186032993443626  0.000185688299542924
592 0.000487920622177073  0.000169972803053952  0.000169602210120703
593 0.000496661589881715  0.000154412276923464  0.000154006789236922
594 0.000504007927278436  0.000139603084629303  0.000139153044915872
595 0.000509958336734234  0.000125877962587756  0.00012537369116042
596 0.000514513008103951  0.000113675604371724  0.000113108982286201
597 0.000517673698799956  0.000103553519147391  0.000102921095890286
598 0.000519443886898843  9.61556265074198e-05  9.54631852033257e-05
599 0.000519828985174368  9.2088970046463e-05  9.13552180696378e-05
600 0.000518836603571703  9.17101370582772e-05  9.09647989820535e-05
601 0.000516476847443198  9.49450726248199e-05  9.42197720819307e-05
602 0.000512762638937363  0.000101306719416858  0.000100625093034308
603 0.000507710049320061  0.000110096626780464  0.000109470788713558
604 0.00050133863073426  0.000120616600880713  0.000120049470624517
605 0.00049367173698152  0.000132279624331302  0.000131768831732781
606 0.000484736824338442  0.00014463138894457  0.000144172239996482
607 0.000474565725212233  0.000157331045048445  0.000156918190393838
608 0.000463194889613844  0.000170123257629794  0.00016975146894854
609 0.000450665592036105  0.000182814018357629  0.000182478483149186
610 0.000437024104467295  0.000195252746260579  0.00019494913616014
611 0.000422321840124328  0.0002073198562083  0.000207044301452238
612 0.000406615477353538  0.000218918344449135  0.000218667376983672
613 0.000389967079517543  0.000229968140278649  0.000229738632631654
614 0.00037244423538244  0.000240402313976946  0.000240191424344548
615 0.000354120256895431  0.000250164519668748  0.000249969646230132
616 0.000335074489565611  0.000259207258538568  0.000259026002922137
617 0.000315392818779485  0.00026749068717997  0.000267320825891659
618 0.000295168499951935  0.000274981787647218  0.000274821250021043
619 0.000274503513150544  0.000281653775969492  0.000281500627297162
620 0.000253510764743788  0.000287485665571198  0.000287338094280793
621 0.00023231766792014  0.00029246192849885  0.000292318236482663
622 0.000211072000513249  0.000296572215259194  0.000296430810658583
623 0.00018995158861986  0.000299811106403138  0.000299670498331136
624 0.000169180511910362  0.000302177877645354  0.00030203667246488
625 0.000149056461349668  0.000303676266508576  0.000303533165388812
626 0.000129996634558157  0.000304314233012442  0.000304168030562884
627 0.000112611038056299  0.000304103710303211  0.000303953294138983
628 9.78007656471539e-05  0.000303060343682601  0.000302904694809899
629 8.68171746448773e-05  0.00030120321846837  0.000301041412399279
630 8.10657961147702e-05  0.00029855457866138  0.000298385787175812
631 8.14239613185795e-05  0.000295139539612398  0.000294963033084453
632 8.75346127810575e-05  0.000290985798856926  0.000290800949055923
633 9.80289502291564e-05  0.000286123350081026  0.00028592963334603
634 0.000111373811806662  0.000280584205850828  0.000280381206523773
635 0.000126375159885848  0.000274402135338433  0.000274189549326822
636 0.000142227256132599  0.000267612423869397  0.000267390062196991
637 0.000158406773669287  0.000260251661779319  0.000260019453974187
638 0.00017457027841788  0.000252357570902311  0.000252115568068196
639 0.000190485570831356  0.000243968878165298  0.000243717255586971
640 0.000205990038941395  0.000235125247433457  0.000234864306582626
641 0.000220965873627028  0.000225867283240831  0.00022559745308039
642 0.000235325142703402  0.000216236623784772  0.000215958461321754
643 0.000249000576327931  0.000206276146218063  0.000205990336338828
644 0.000261939703654021  0.000196030315824046  0.00019573767057353
645 0.000274100999825648  0.000185545723598054  0.000185247181262216
646 0.00028545127109195  0.000174871876333269  0.000174568500988953
647 0.000295963824687009  0.000164062332875078  0.000163755315548083
648 0.000305617151705146  0.000153176324602009  0.000152866987924505
649 0.000314393956625677  0.000142281063855796  0.000141970873295695
650 0.000322280429562188  0.000131455037896056  0.000131145624461727
651 0.000329265694942241  0.000120792709990942  0.00012048591201602
652 0.000335341393352538  0.000110411182512692  0.000110109117631653
653 0.000340501367533509  0.000100459423755882  0.000100164605130039
654 0.000344741432377962  9.11303205151243e-05  9.08458282338166e-05
655 0.000348059214314642  8.26743249898074e-05  8.24040182586071e-05
656 0.000350454048883215  7.54093076099068e-05  7.51579817387306e-05
657 0.00035192692741019  6.97129372385285e-05  6.94861586729229e-05
658 0.000352480484972485  6.5975075031472e-05  6.57782620373426e-05
659 0.00035211902260959  6.4496498366972e-05  6.43330764813315e-05
660 0.00035084855722993  6.53688831352911e-05  6.5238373018004e-05
661 0.000348676892993659  6.84231775807335e-05  6.83207832531188e-05
662 0.000345613708237332  7.32949515091213e-05  7.32130427439619e-05
663 0.000341670652297876  7.95497741994327e-05  7.94799757592617e-05
664 0.000336861446934561  8.67820095890249e-05  8.6716651711765e-05
665 0.000331201987464065  9.46573274474472e-05  9.45900315219815e-05
666 0.000324710439231806  0.000102916030054817  0.000102841753988627
667 0.000317407325654871  0.000111360473675767  0.000111275340412579
668 0.000309315604800518  0.000119839923033572  0.000119741006799213
669 0.000300460732327623  0.000128237758876649  0.00012812289575966
670 0.000290870709647367  0.000136461938984357  0.000136329577236914
671 0.000280576117408104  0.000144438253857133  0.000144287340620367
672 0.000269610135971427  0.000152105664229672  0.000151935560730356
673 0.00025800855658386  0.000159413102419173  0.000159223519979666
674 0.00024580978974012  0.00016631727875769  0.000166108229547537
675 0.000233054881264765  0.000172781172539481  0.000172552930610072
676 0.000219787552769051  0.000178772988753366  0.000178526058196253
677 0.000206054292928555  0.000184265432333897  0.000184000520364306
678 0.000191904542390392  0.0001892351992005  0.000188953192652521
679 0.000177391043700767  0.000193662615185929  0.000193364559386456
680 0.000162570479816172  0.000197531375321066  0.000197218454644882
681 0.000147504624504128  0.000200828350398596  0.000200501870040802
682 0.000132262428478538  0.00020354343763173  0.000203204806296951
683 0.000116923891623284  0.000205669439090134  0.000205320152412009
684 0.000101587538025267  0.000207201956434232  0.000206843581018281
685 8.63856601897885e-05  0.000208139293935812  0.000207773451974052
686 7.1517654651836e-05  0.000208482364298936  0.000208110718742546
687 5.73289592162524e-05  0.000208234593667144  0.000207858833968935
688 4.45105206501479e-05  0.000207401823613596  0.000207023652068452
689 3.45731770988887e-05  0.000205992208991445  0.000205613327712761
690 3.03241447893615e-05  0.000204016111363819  0.000203638209939016
691 3.37430053657353e-05  0.000201485988401877  0.000201110732271634
692 4.27959057320119e-05  0.000198416280184846  0.000198045299789807
693 5.45175598007512e-05  0.000194823293798071  0.000194458174534214
694 6.7304113187102e-05  0.000190725088040218  0.000190367361060446
695 8.04338094474276e-05  0.00018614136045653  0.000185792494351926
696 9.35569399233432e-05  0.000181093339355512  0.000180754732745574
697 0.000106481090532377  0.00017560368399892  0.000175276659056394
698 0.00011908666303251  0.000169696396859841  0.000169382193793014
699 0.000131291353851893  0.000163396752839498  0.000163096525353442
700 0.000143033898529348  0.000156731251801757  0.000156446063560529
701 0.000154266027937899  0.000149727603011109  0.000149458425125869
702 0.000164948208393086  0.000142414753507995  0.000142162463081711
703 0.000175047249010447  0.000134822977890858  0.000134588357658721
704 0.000184534886157004  0.000126984055697682  0.000126767794812321
705 0.00019338690543164  0.000118931576850776  0.000118734272868357
706 0.000201582572386904  0.000110701439472246  0.000110523601587473
707 0.00020910424744595  0.00010233264514072  0.000102174698664115
708 0.000215937114576741  9.38685680697917e-05  9.37308599601723e-05
709 0.000222068982570536  8.5359002912667e-05  8.52418076718215e-05
710 0.000227490134197778  7.68635313926426e-05  7.67670552885534e-05
711 0.000232193208007519  6.84571871325302e-05  6.83815652224136e-05
712 0.00023617310315621  6.02402137833829e-05  6.01854851070412e-05
713 0.000239426901038702  5.23551439049501e-05  5.2321166656675e-05
714 0.000241953799559072  4.50164139909563e-05  4.50026240739586e-05
715 0.000243755057143248  3.85576714611523e-05  3.85624662729191e-05
716 0.000244833944367394  3.34859392162978e-05  3.35053643746515e-05
717 0.000245195701542793  3.04631640991515e-05  3.04891976382819e-05
718 0.000244847500876539  3.00436775296269e-05  3.00647711465571e-05
719 0.000243798411992652  3.22372854827558e-05  3.2243386980976e-05
720 0.000242059369699805  3.64730705500573e-05  3.64596104076811e-05
721 0.000239643142963144  4.20312483649342e-05  4.19979568892681e-05
722 0.000236564304102291  4.83500457360272e-05  4.82984154782742e-05
723 0.000232839197312741  5.50615707060211e-05  5.49934904272392e-05
724 0.000228485905707351  6.1934188222242e-05  6.18514896580676e-05
725 0.000223524216210678  6.88189018941639e-05  6.87232652088394e-05
726 0.000217975581824603  7.56154673847523e-05  7.55084304960068e-05
727 0.000211863081035013  8.22529163063286e-05  8.21359039837539e-05
728 0.000205211374468849  8.86785074479096e-05  8.85528573630251e-05
729 0.000198046659372918  9.48513602074245e-05  9.47183417278174e-05
730 0.000190396623124862  0.000100738692818249  0.000100599519239055
731 0.000182290397891807  0.000106313539176365  0.000106169374964457
732 0.00017375851987227  0.000111553327407581  0.00011140529187403
733 0.000164832898546779  0.000116438974471859  0.000116288142947314
734 0.000155546804468354  0.000120954297696831  0.000120801700983549
735 0.000145934889148523  0.000125085625275989  0.000124932247926296
736 0.000136033259028187  0.000128821533883672  0.000128668311697451
737 0.000125879640231495  0.000132152668484243  0.000132000485509889
738 0.000115513697520669  0.000135071615555603  0.000134921300804738
739 0.000104977621613458  0.000137572810879007  0.000137425134913959
740 9.43172002825206e-05  0.000139652469314276  0.000139508140831306
741 8.35838023698403e-05  0.000141308528034798  0.0001411681905401
742 7.28381848268228e-05  0.000142540597388149  0.000142404826044275
743 6.21581980232994e-05  0.000143349915381758  0.000143219214086878
744 5.16555304495691e-05  0.000143739303076859  0.000143614101826632
745 4.1515423512787e-05  0.000143713119099611  0.00014359377167012
746 3.20999922150927e-05  0.000143277212167122  0.00014316399414659
747 2.42270507570704e-05  0.000142438871057168  0.000142331978243259
748 1.97039320736052e-05  0.000141206771876329  0.000141106319044303
749 2.06545707504664e-05  0.000139590922839256  0.000139496942873518
750 2.63015591880255e-05  0.00013760260708946  0.000137515050456646
751 3.42208565237353e-05  0.00013525432439277  0.000135173058917867
752 4.30080070811885e-05  0.000132559732840611  0.000132484543728027
753 5.20666635008171e-05  0.000129533592036121  0.000129464182054107
754 6.11268614211607e-05  0.000126191709632176  0.000126127699350517
755 7.00478216088858e-05  0.000122550893587663  0.000122491821523203
756 7.87454216419944e-05  0.000118628913164597  0.000118574235644891
757 8.71633975840997e-05  0.000114444472588772  0.000114393563087699
758 9.52607368831335e-05  0.000110017202567571  0.000109969350193781
759 0.000103005650948389  0.000105367676693918  0.000105322083417739
760 0.00011037246880459  0.000100517462465402  0.000100473238544351
761 0.000117339930061395  9.54892206837741e-05  9.54453775811416e-05
762 0.000123890192309192  9.03068731223682e-05  9.02623129957948e-05
763 0.000130008223114769  8.49958677632845e-05  8.4949368320085e-05
764 0.00013568140838039  7.95835855630649e-05  7.95337787349598e-05
765 0.000140899286979151  7.40999557612089e-05  7.40452982741141e-05
766 0.000145653361417946  6.85783832407609e-05  6.85171168678659e-05
767 0.000149936955537331  6.30571491206273e-05  6.29872485707549e-05
768 0.000153745102059163  5.75815352832899e-05  5.750064325086e-05
769 0.000157074449572428  5.22070552874982e-05  5.21124095743839e-05
770 0.000159923182556585  4.70043411165936e-05  4.68927136031572e-05
771 0.000162290950469538  4.20663504635294e-05  4.19340543009437e-05
772 0.0001641788034248  3.7518263983595e-05  3.73613649664741e-05
773 0.000165589132917716  3.35286490260173e-05  3.33436536364578e-05
774 0.000166525616648502  3.03148609486541e-05  3.01002533435066e-05
775 0.000166993166859208  2.81248139516318e-05  2.78834284780325e-05
776 0.000166997881832572  2.71724014701522e-05  2.69131163582546e-05
777 0.000166547000344185  2.75385136709668e-05  2.72745099625381e-05
778 0.000165648858949403  2.91165938604929e-05  2.88603253155529e-05
779 0.000164312852046897  3.16638624430825e-05  3.14231919211934e-05
780 0.000162549394709087  3.49042763692135e-05  3.46822596625612e-05
781 0.000160369888320447  3.85986742211628e-05  3.83952727273661e-05
782 0.000157786689130632  4.25648104130485e-05  4.23785228488328e-05
783 0.000154813079923821  4.66708647767772e-05  4.64996982233026e-05
784 0.000151463245143929  5.08224676371141e-05  5.06643946003761e-05
785 0.000147752250016856  5.49512828473048e-05  5.48044180889505e-05
786 0.000143696024502328  5.90067471302309e-05  5.88693952504927e-05
787 0.000139311353327439  6.29504986700949e-05  6.28211492869734e-05
788 0.00013461587395865  6.67527043462115e-05  6.66300098267476e-05
789 0.00012962808524558  7.03896424222764e-05  7.02723928102605e-05
790 0.000124367370753902  7.38420980825425e-05  7.37291987122175e-05
791 0.000118854042711031  7.70942845104955e-05  7.69847378783252e-05
792 0.000113109415365671  8.01331064390655e-05  8.00259983347845e-05
793 0.000107155920985508  8.29476495921454e-05  8.28421389371377e-05
794 0.00010101728865497  8.55288211742553e-05  8.54241328861497e-05
795 9.47188171519072e-05  8.78690927581129e-05  8.77645129953807e-05
796 8.82877914014629e-05  8.99623134847464e-05  8.98571867130239e-05
797 8.17541225677846e-05  9.18035720909753e-05  9.16972995085662e-05
798 7.51513443230023e-05  9.33890931576151e-05  9.32811321044842e-05
799 6.85181899638901e-05  9.47161575031424e-05  9.46060215511026e-05
800 6.1901139770639e-05  9.57830396801871e-05  9.56702991620736e-05
801 5.53586250235193e-05  9.65889575952011e-05  9.64732403794379e-05
802 4.89681025749618e-05  9.71340306990418e-05  9.70150230552595e-05
803 4.28380802531831e-05  9.7419244201663e-05  9.72966916348883e-05
804 3.71282194711473e-05  9.74464174861908e-05  9.73201254432239e-05
805 3.20800576457086e-05  9.72181754275344e-05  9.70880098007843e-05
806 2.80505461356914e-05  9.67379217193736e-05  9.66038090916545e-05
807 2.55011789183354e-05  9.60098136225259e-05  9.58717412119562e-05
808 2.48422901626889e-05  9.5038737796683e-05  9.48967530745058e-05
809 2.61502237607036e-05  9.38302870878976e-05  9.3684497054299e-05
1 0.383955888356452  0.194953334464516  0.179690757837742
2 0.334720005308897  0.154544065777708  0.12778357586829
3 0.206441222219579  0.211796998555762  0.166832037468903
4 0.153569975285969  0.196600199358915  0.168652440219632
5 0.133585540357657  0.178585652109948  0.149026256671424
6 0.136559186067658  0.142823629766651  0.118842969783129
7 0.151898826518242  0.0903926448178814  0.0728087971533987
8 0.142129713324964  0.048897603225365  0.0458306214583012
9 0.102044628087454  0.0634180753828954  0.0578026516469353
10 0.0546902269959877  0.0737689934248106  0.0654671567191563
11 0.0257120700595753  0.067364854026525  0.0591342666865928
12 0.0382168862593601  0.0509607202467258  0.0435980126823857
13 0.0549415887665709  0.0280323361408875  0.022518186980642
14 0.0570581538606013  0.00858527597722638  0.00649139302478938
15 0.0447871439143204  0.0193777196448072  0.0185033134429396
16 0.0256370418402304  0.0275767044411338  0.0260657350930482
17 0.0083367333597919  0.027617164767868  0.0261568608828778
18 0.012785168627292  0.0219759834876702  0.0208716166937564
19 0.0217834677388827  0.013158376243475  0.0127404107669057
20 0.0243520160521566  0.00505378396764773  0.00546199838099601
21 0.0207832570923531  0.00730638144219313  0.00652430488546232
22 0.0133533292747247  0.0114514964142499  0.00987955791888928
23 0.00492626572673829  0.0123781214546156  0.0105747688916072
24 0.00327537187584486  0.0104458502699133  0.00876536572110583
25 0.00798611875692241  0.00676119610249868  0.00542728971617995
26 0.00987669671702687  0.00265349672550184  0.00185666278170685
27 0.00902707033558224  0.00169084386237103  0.00212700373039921
28 0.00628414107556332  0.00385504328542155  0.00408514067195503
29 0.00276387089837356  0.00470151942218795  0.0047993390606998
30 0.000720197905566984  0.00423137960677515  0.00433329893368196
31 0.00298623021713371  0.00288147703904845  0.00308681974762431
32 0.00409330631574076  0.00125040945693204  0.0015961238331395
33 0.00399699175941853  0.000812312416346536  0.000762736699056911
34 0.00301010995360695  0.00175346073333145  0.00131879016916833
35 0.00158123175726685  0.00222442229558522  0.00170580604400446
36 0.000224067703079506  0.00213033070293704  0.0016156498226677
37 0.000997193609616744  0.00161874166662285  0.00115932721674735
38 0.00159911057944633  0.000910331388601131  0.000539506937478911
39 0.00168597329919863  0.000268918717277142  0.00023602572768824
40 0.00136135400043201  0.000415756525803898  0.000634596715858365
41 0.000801616561945548  0.000685026923218087  0.000873306323719487
42 0.000202241729441691  0.000718612355288138  0.000890058420925814
43 0.000324547233090372  0.000558290457423258  0.000731854923752388
44 0.000629711420882795  0.000293536093288473  0.000480426648988188
45 0.000718598350376937  9.95750583580464e-05  0.000233674861726071
46 0.000621362802239193  0.000272693003586809  0.000149991276579802
47 0.000405771578773503  0.000407412816624598  0.000224766246441817
48 0.000151779873666667  0.000439768819927232  0.000249341455920227
49 8.34848641205394e-05  0.000383680694945881  0.000201838436557501
50 0.000232591355120576  0.000272761182567995  0.000109968611728742
51 0.000293510831701552  0.000147230191024575  4.71636210426985e-05
52 0.000271752535504322  5.48088802090501e-05  0.000116621885797828
53 0.000192519052570311  6.94636557874185e-05  0.000175369447029439
54 8.85182189918574e-05  9.32262504058371e-05  0.000196023861046099
55 1.69611827996128e-05  8.26474302822222e-05  0.00018136333318157
56 8.48679402593155e-05  4.79310994972882e-05  0.000142952507811622
57 0.000119864891820498  2.5438314142678e-05  9.58629230274391e-05
58 0.000118915709252259  5.86640886448565e-05  5.53281173298321e-05
59 9.09145030073086e-05  8.90138515757099e-05  3.47235092543754e-05
60 4.89933401781807e-05  0.000102566130770562  3.15935350338542e-05
61 7.84353356371759e-06  9.91107304555445e-05  2.77391873275319e-05
62 2.84399878656411e-05  8.30792543417225e-05  2.07700195477567e-05
63 4.71711442840307e-05  6.10165580816135e-05  2.32091704835688e-05
64 5.05494110694312e-05  3.96281993260458e-05  3.56790788202841e-05
65 4.14654767475035e-05  2.43431695572061e-05  4.71274275722748e-05
66 2.50797332838317e-05  1.72491331246858e-05  5.29383910158315e-05
67 7.17246853672896e-06  1.48150023149684e-05  5.23549445571096e-05
68 8.74958262692712e-06  1.42961030049056e-05  4.66532221689107e-05
69 1.81555138407985e-05  1.72420384221514e-05  3.81290217994227e-05
70 2.11596234928098e-05  2.28471969660806e-05  2.92468086538048e-05
71 1.85545522125745e-05  2.81133248177927e-05  2.19369029267718e-05
72 1.23120817770329e-05  3.10883109448709e-05  1.71003276531028e-05
73 4.81420422640867e-06  3.11688075068315e-05  1.45992737758275e-05
74 2.36565565454686e-06  2.87292046084078e-05  1.39502057026394e-05
75 6.8625413196697e-06  2.47150301312374e-05  1.47617035761379e-05
76 8.80745967627266e-06  2.0246015817971e-05  1.64041816299449e-05
77 8.27675122113931e-06  1.62767807684258e-05  1.8017041724291e-05
78 5.99392881234096e-06  1.3368296566036e-05  1.89124699424608e-05
79 2.93007203018752e-06  1.16416807497264e-05  1.87849158078757e-05
80 5.49054644619431e-07  1.09378383464981e-05  1.76922822414791e-05
81 2.37182558388049e-06  1.09956992608969e-05  1.59369413388962e-05
82 3.46748634402277e-06  1.1484579078558e-05  1.39197968780865e-05
83 3.49765629703524e-06  1.20293623772249e-05  1.20093961578223e-05
84 2.70968062339633e-06  1.23134849120184e-05  1.04551898141164e-05
85 1.49429171509303e-06  1.21651159679323e-05  9.36116036282005e-06
86 3.68674170669915e-07  1.15729787203132e-05  8.71146445800778e-06
87 8.94888807674722e-07  1.06487744098715e-05  8.413081681946e-06
88 1.45516928882507e-06  9.56610294996266e-06  8.32925691762237e-06
89 1.57273125223517e-06  8.4994167994177e-06  8.31031827871224e-06
90 1.31845535814612e-06  7.57928220729646e-06  8.22901271565158e-06
91 8.4460367057525e-07  6.87253817124684e-06  8.00830756261093e-06
92 3.43248185980273e-07  6.38596879868806e-06  7.6300443087008e-06
93 2.74501413447331e-07  6.08283803020991e-06  7.12512059154019e-06
94 5.22059167774457e-07  5.90133151081801e-06  6.55302039451e-06
95 6.160829116065e-07  5.77168596518882e-06  5.97933623165513e-06
96 5.48912281176137e-07  5.63231554983084e-06  5.45789388824449e-06
97 3.77187579155418e-07  5.44234251533628e-06  5.02095575546602e-06
98 1.88395283326564e-07  5.18692714196786e-06  4.67757115573039e-06
99 1.56266431197671e-07  4.87470914475995e-06  4.41762616251745e-06
100 2.54676147365992e-07  4.52974369985157e-06  4.21861962593575e-06
101 3.06575724244604e-07  4.1815062416464e-06  4.05315392023394e-06
102 2.91620079971229e-07  3.85615268051126e-06  3.89588327066113e-06
103 2.28074798652826e-07  3.57099814139967e-06  3.72870951072709e-06
104 1.47945739489511e-07  3.33269646958196e-06  3.54324284150173e-06
105 9.49282955778659e-08  3.13839872013145e-06  3.34035656188412e-06
106 9.98895432882855e-08  2.97865328103656e-06  3.12755967304918e-06
107 1.17943657430216e-07  2.8409360163176e-06  2.91538834873193e-06
108 1.17386981871392e-07  2.7130092961087e-06  2.71399094765753e-06
109 9.88968537390535e-08  2.58550590906135e-06  2.53071294824475e-06
110 7.56188877714818e-08  2.45331780627883e-06  2.36899371659382e-06
111 6.50095785106517e-08  2.31567907902973e-06  2.22845842444151e-06
112 7.07440064560998e-08  2.17518896685632e-06  2.10584259349777e-06
113 7.83579160915966e-08  2.03625972788961e-06  1.99632570836448e-06
114 7.86001197491286e-08  1.90351864305491e-06  1.89489506139223e-06
115 7.0940323060595e-08  1.78057270513968e-06  1.79744415224791e-06
116 5.92379106327861e-08  1.66934034305248e-06  1.70141838751169e-06
117 4.86909358879464e-08  1.56995338601465e-06  1.60595444792587e-06
118 4.27641128516799e-08  1.48109473479408e-06  1.51159186441414e-06
119 4.06151211713031e-08  1.40057986978304e-06  1.41972591320198e-06
120 3.91174848044779e-08  1.32599404094119e-06  1.33199722994648e-06
121 3.66802981331283e-08  1.25523367458413e-06  1.24978098048084e-06
122 3.38117756074894e-08  1.18685383108285e-06  1.17387128527049e-06
123 3.17348336291608e-08  1.12018565954939e-06  1.10438354455254e-06
124 3.08887093605307e-08  1.05524810438632e-06  1.04084008612092e-06
125 3.05600655371951e-08  9.9252234959284e-07  9.82372609324788e-07
