1 0.155836334454916  0.114021715333058  0.109893946669391
2 0.164722701582337  0.0904380767898859  0.0881089201158178
3 0.166388769229663  0.0739465327196935  0.0721670585755199
4 0.15623990850221  0.0699906043167692  0.0667243767976132
5 0.13224367215458  0.0740452029084484  0.0686022067961184
6 0.103931120658035  0.0895081773035114  0.0824804153112127
7 0.0879277434618497  0.0929934423656107  0.0885769429178367
8 0.0823449466654034  0.0873996721289536  0.0837318671025356
9 0.0782201554520638  0.0838025870789374  0.0790510403549534
10 0.0746862846162295  0.0801939516946208  0.0752111971031695
11 0.0711212571694882  0.0763649730210674  0.0720863104831773
12 0.0669657425464819  0.0721728092206236  0.0685397687732438
13 0.0634722754838572  0.0672019025362959  0.0638507619752891
14 0.062730408006764  0.0607244708931633  0.0574206670285192
15 0.0654108316188107  0.0522135662833455  0.0489849594317361
16 0.0696792066604591  0.0418672855995666  0.0390406424644147
17 0.0726825261163393  0.0310744525411475  0.0291618906259563
18 0.0724245930811143  0.0228052034011416  0.0221306659875105
19 0.0683124081068113  0.0210311191978488  0.0209746313787355
20 0.0609429781393899  0.0250588163957309  0.024621591110828
21 0.0517161561804165  0.0300817244453381  0.0291409374547845
22 0.0422476823723121  0.033582226600675  0.0323886176704846
23 0.0337407730765781  0.0351784761470702  0.0339327378197042
24 0.0267352389833534  0.035318614160486  0.0340919385193075
25 0.0214159015405146  0.0345113256915976  0.0333032071417573
26 0.0181549337260977  0.0330207762393717  0.0318220880029273
27 0.0175872066922768  0.0308824833512227  0.0296977497042446
28 0.0197129562525112  0.0280204934055524  0.026866548488293
29 0.0234814843329869  0.0243517809866205  0.0232530791264129
30 0.0276267192440334  0.0198664543384841  0.0188532752782748
31 0.0311439384742437  0.0147083026364989  0.0138120274394973
32 0.0333166791101118  0.00930647228962771  0.00853423170751938
33 0.0337407094662557  0.00497921937951755  0.00427253526056897
34 0.032366171218903  0.00551733478499086  0.00505767099627078
35 0.0294680270472115  0.00912495960905334  0.00872503580212892
36 0.0255224619513569  0.0124156233212383  0.0119913685923906
37 0.0210469011083828  0.0147790298790391  0.0143588248531858
38 0.0164841816189828  0.0162026107288432  0.0158183769674528
39 0.0121863526346859  0.0168207616967864  0.0164831062619601
40 0.00854193467091559  0.0167841473801003  0.0164850855379869
41 0.00631997399229758  0.0162085357626727  0.0159327906300188
42 0.00653556471600507  0.015166695365771  0.0149018650528988
43 0.00857419662299345  0.0137032890031348  0.0134455420750665
44 0.0110876285759399  0.0118586668026002  0.0116143362730264
45 0.013401314005635  0.00969388845894922  0.00947823038197561
46 0.0152009197953037  0.00731607590408163  0.00715016372344953
47 0.0163119245708164  0.00492223897940279  0.00482862452997698
48 0.0166501108620992  0.00298663478830937  0.00297682906919499
49 0.0162140447644936  0.00273115199046878  0.00272442638774062
50 0.0150771143805921  0.00410368267176401  0.00400926319494228
51 0.0133690810036523  0.00568259591599239  0.00550921187875095
52 0.0112502947067271  0.00698634181097493  0.00675448830240408
53 0.00888732904698267  0.00789991567335684  0.00762901751033115
54 0.00644058064108154  0.00840904487618045  0.00811553148722915
55 0.00408419079847541  0.00853783321933605  0.00823452552354105
56 0.00218936701676567  0.008325088023554  0.00802167825909238
57 0.00207052353847604  0.00781374594065361  0.00751786671412124
58 0.00353306169718009  0.00704773082160883  0.00676603081182987
59 0.00510220308685215  0.00607312334833574  0.00581198162753832
60 0.00643115834572413  0.00494123275578421  0.00470703466318698
61 0.00742409804241071  0.0037127318946841  0.00351198722135249
62 0.00804066579391468  0.00246764052956048  0.00230831710286478
63 0.00826954248411523  0.0013634436387298  0.0012669918258748
64 0.00812333403007177  0.000997888415236891  0.00102059506341823
65 0.00763563285998761  0.00168904823879749  0.00173380237372794
66 0.00685689144912013  0.00253472615465178  0.0025575917818509
67 0.00584907684232936  0.00325456708616579  0.00325445302150618
68 0.00468010671441999  0.0037881381662066  0.00376996184858787
69 0.0034194586886536  0.00411908140073603  0.00408885386486885
70 0.00213781134843909  0.00424915291256667  0.00421273959840889
71 0.000935150049823521  0.00419086687093422  0.00415353478447767
72 0.00060398782989522  0.00396391439584264  0.00393020150032841
73 0.00153770501759593  0.00359302105422854  0.00356675649242537
74 0.00243664370863757  0.00310667889913899  0.0030910453001458
75 0.00317295478947159  0.00253657903150269  0.00253414617734343
76 0.00371845520863319  0.00191813211585056  0.00193079871556475
77 0.00406245203294728  0.00129502089259704  0.00132354240350395
78 0.00420531893015021  0.000747923326770177  0.000787431036292632
79 0.00415685352238033  0.0005469541604975  0.000555415442299431
80 0.00393498013595466  0.000859019003012215  0.000817209215802889
81 0.00356418580977072  0.00127751696396027  0.00121163005290891
82 0.00307370386497267  0.00164537479568413  0.00156517977349032
83 0.00249564412035943  0.0019259994773046  0.00183642720286456
84 0.00186337209086497  0.00210793511045421  0.00201262520094856
85 0.00121085157126424  0.00218950470390042  0.002091546732178
86 0.000578367580620252  0.00217495565162985  0.00207705913909661
87 0.000216429409359354  0.00207279848662217  0.00197733112230735
88 0.000670017343509461  0.00189474969899742  0.00180374683560732
89 0.00114332069176593  0.00165492628444122  0.00157009898439449
90 0.00153559687890268  0.00136923120486826  0.00129198968071541
91 0.00183142631870374  0.00105507546580788  0.000986618733917697
92 0.00202499118780706  0.000732269564891807  0.000673994222215631
93 0.00211612293501167  0.000430369047784061  0.000386482826769085
94 0.00210932664488679  0.000245334734628662  0.000239093335927427
95 0.00201308648983151  0.000355305197398168  0.000378444987549184
96 0.00183912726832459  0.000569867780745147  0.000592389748103458
97 0.0016016060606586  0.000765952689000114  0.000783713233809479
98 0.00131627880317547  0.000919516555575643  0.000932605473840578
99 0.000999724222982728  0.00102349218041186  0.00103285267941206
100 0.000668827866006067  0.00107628710656896  0.00108311255111166
101 0.000341863244688342  0.00107948002127218  0.00108502201947643
102 8.84852511295539e-05  0.00103696750342755  0.00104244199649909
103 0.000292866245268098  0.000954435850365562  0.000960964606442784
104 0.000541385585289393  0.000838937353013457  0.000847508036511052
105 0.000749657365740703  0.000698545886605563  0.00070998430013029
106 0.00090930559740799  0.000542181967494309  0.00055712649875716
107 0.00101704639599068  0.000380041776187145  0.000398855294849189
108 0.00107247510692521  0.000227227984946395  0.000249206061984485
109 0.00107757051315594  0.000130634374197004  0.000145282407183726
110 0.00103634717258919  0.00018141159919757  0.000169879693695225
111 0.000954493321361586  0.000291121212706304  0.00026799810183249
112 0.000838979072295425  0.000393636298253286  0.000365189260680744
113 0.000697649394759745  0.000475393639941039  0.000443769979006824
114 0.000538829405583295  0.000532284802545597  0.00049871667277181
115 0.000371002101817803  0.000563167818952397  0.000528600183553551
116 0.000202878855669123  0.000568591214644861  0.00053383143176193
117 5.18754021541567e-05  0.000550340917409004  0.000516094711496865
118 0.000121438698847666  0.000511165016237813  0.000478040924120239
119 0.00025150441804883  0.000454547990110272  0.000423054820768657
120 0.000361773956578933  0.00038451436961127  0.00035506266342816
121 0.000447599165480023  0.000305489085494134  0.000278410532128144
122 0.000507129684539604  0.000222339465700436  0.0001979781778103
123 0.00053998787583896  0.000141240171019172  0.000120481651463905
124 0.000547019810621885  7.62285481893452e-05  6.49316577995551e-05
125 0.000530122709051083  7.38525079064811e-05  8.17320131918728e-05
126 0.000492064371430182  0.000124346117392214  0.000136256594402768
127 0.000436287806574034  0.000177252112461262  0.000188723159256625
128 0.000366708100734437  0.000220864849273211  0.000231276081302741
129 0.000287514175318762  0.000252252785925258  0.000261652193069983
130 0.00020300171358079  0.00027054823666418  0.000279163166538998
131 0.000117560841449639  0.000275866698365429  0.000283981582057442
132 3.78947576063127e-05  0.000268997312059713  0.00027690717004337
133 5.01686612131051e-05  0.000251245047458522  0.000259231586093337
134 0.000117010918896878  0.000224311908182903  0.000232628830960084
135 0.00017490758779693  0.000190196540612117  0.000199059392088791
136 0.000220722935901953  0.000151124174125216  0.000160700130358289
137 0.000253330738712584  0.000109574869689563  0.000119953656010245
138 0.0002724073084861  6.87778187505992e-05  7.97831230541865e-05
139 0.000278270026516298  3.66419903175734e-05  4.59306268029593e-05
140 0.000271786436216449  3.89376483799797e-05  3.66243178325236e-05
141 0.000254283640221977  6.64809865777615e-05  5.73879982732439e-05
142 0.000227450449583386  9.4505574072061e-05  8.31571228176997e-05
143 0.000193234746498144  0.000117745461765065  0.000105298612767694
144 0.000153741605067358  0.000134782919513542  0.000121718829024052
145 0.000111142580553903  0.00014515214933051  0.000131773524459599
146 6.76363055364811e-05  0.000148868769738339  0.000135411469704495
147 2.59503414932615e-05  0.000146290393489435  0.000132954010466852
148 1.89463353975249e-05  0.000138042144419676  0.000124998400590052
149 5.32274878039078e-05  0.000124957954786747  0.000112352454555397
150 8.36651108722219e-05  0.000108028234274432  9.59813383096611e-05
151 0.000108115471871966  8.83570719963633e-05  7.69686587830182e-05
152 0.00012592116365227  6.71471910259496e-05  5.65190037319624e-05
153 0.000136856044624311  4.5791851548963e-05  3.61474661556486e-05
154 0.000141027617309541  2.65636292992857e-05  1.92128679148079e-05
155 0.000138830327187594  1.70610802550235e-05  1.80086190757308e-05
156 0.000130900379212236  2.58398319521043e-05  3.13658934225935e-05
157 0.000118066733567966  3.95149787996548e-05  4.55988801858336e-05
158 0.000101299224739211  5.16569537328994e-05  5.76003509493754e-05
159 8.1656401912605e-05  6.09000086368874e-05  6.65801851692063e-05
160 6.023757867343e-05  6.68394721177221e-05  7.22687923321432e-05
161 3.81535945130808e-05  6.94119282090628e-05  7.46461080417269e-05
162 1.66535833819683e-05  6.87575160502512e-05  7.38668078760479e-05
163 6.83756273718229e-06  6.51656414037813e-05  7.02224980438373e-05
164 2.40386435896819e-05  5.90401000037297e-05  6.41126033531522e-05
165 3.99703895646814e-05  5.08707415172479e-05  5.60184486810411e-05
166 5.29529736265254e-05  4.12115283196069e-05  4.64816529786132e-05
167 6.26025429028659e-05  3.06759742585861e-05  3.6094458911864e-05
168 6.87721150760873e-05  2.00077073406425e-05  2.55322365771196e-05
169 7.14885861966896e-05  1.06747922619683e-05  1.57879696348075e-05
170 7.09281462012567e-05  8.5884366811197e-06  9.57747069874877e-06
171 6.73936810241163e-05  1.52994420507314e-05  1.18082546159393e-05
172 6.12902927306553e-05  2.29105820131153e-05  1.81205701061379e-05
173 5.30991972526198e-05  2.94436829791023e-05  2.41790396771812e-05
174 4.33512193232283e-05  3.44343653117925e-05  2.89493011067051e-05
175 3.26019109511203e-05  3.77198689251045e-05  3.21373464927109e-05
176 2.14139479505406e-05  3.92730927686948e-05  3.36732893598287e-05
177 1.038951674112e-05  3.91604723772601e-05  3.36045795711289e-05
178 2.57404856924028e-06  3.75218978862122e-05  3.20597211492282e-05
179 1.05959059629315e-05  3.45555331835442e-05  2.92281333060005e-05
180 1.89086859796156e-05  3.05041193930757e-05  2.53450287847886e-05
181 2.57860088618415e-05  2.56428959206551e-05  2.06798718140297e-05
182 3.09972600194631e-05  2.02718280013802e-05  1.55329792713952e-05
183 3.4449407942939e-05  1.47221869202168e-05  1.02657082394941e-05
184 3.61409529150319e-05  9.42632168535849e-06  5.55683586301402e-06
185 3.6148280536326e-05  5.37134195261631e-06  4.15657550191895e-06
186 3.46142484662716e-05  5.27061849480239e-06  7.38451026026622e-06
187 3.17359443933596e-05  8.32951121820469e-06  1.12290985544591e-05
188 2.775154842656e-05  1.15728892071886e-05  1.45797086641609e-05
189 2.29268503975824e-05  1.42126287348952e-05  1.71830252797728e-05
190 1.75423330022268e-05  1.60471791499622e-05  1.89479633130473e-05
191 1.18830133636109e-05  1.70227614871924e-05  1.98534219527715e-05
192 6.244490680746e-06  1.71539984751226e-05  1.99259679628693e-05
193 1.41035151097362e-06  1.65005709036741e-05  1.9229674918158e-05
194 4.56368232794825e-06  1.51556427137363e-05  1.78586136280792e-05
195 8.89050993135186e-06  1.32375936470898e-05  1.59300827439162e-05
196 1.25241480957355e-05  1.08836129027624e-05  1.35785396292072e-05
197 1.53261133545169e-05  8.24691084916974e-06  1.09513150820826e-05
198 1.72398217679801e-05  5.50830629170409e-06  8.2098539928183e-06
199 1.82568614456106e-05  2.98395592917912e-06  5.55218302877232e-06
200 1.84093716059861e-05  2.01433622329479e-06  3.34260455675169e-06
201 1.77642812084241e-05  3.6685187458827e-06  2.58992362378008e-06
202 1.64171950483219e-05  5.73067561705791e-06  3.7067062435882e-06
203 1.44857908479367e-05  7.54944174229706e-06  5.24864440223085e-06
204 1.21029775450046e-05  8.98541411804173e-06  6.58173390143319e-06
205 9.41023674648214e-06  9.9871139664426e-06  7.54555233916326e-06
206 6.55204317909105e-06  1.05398137028379e-05  8.09437121913645e-06
207 3.6758908152285e-06  1.06538815342606e-05  8.22671310438669e-06
208 1.03278763200188e-06  1.03596249894412e-05  7.96703620544473e-06
209 1.89790813056944e-06  9.70347110246762e-06  7.35813026887887e-06
210 4.13945024837189e-06  8.7444580864607e-06  6.45640326056676e-06
211 6.05402028537989e-06  7.550970665968e-06  5.32849276433644e-06
212 7.55490070950343e-06  6.19811859596139e-06  4.04988219337152e-06
213 8.60818411337498e-06  4.76703729475896e-06  2.71109233419282e-06
214 9.20558163529089e-06  3.3508945199145e-06  1.47446536005838e-06
215 9.35992904652997e-06  2.09140232568997e-06  1.0251527402244e-06
216 9.10224246684239e-06  1.35702153365834e-06  1.86512452103804e-06
217 8.47866413302577e-06  1.65265731785414e-06  2.90778164864686e-06
218 7.54715083766583e-06  2.41016118323731e-06  3.8356496194867e-06
219 6.37401241909881e-06  3.12445873687847e-06  4.57790368706163e-06
220 5.03049717844949e-06  3.66420617000739e-06  5.10710229098314e-06
221 3.58980297016691e-06  3.99316267555773e-06  5.41413855376278e-06
222 2.12611185178864e-06  4.10552803021797e-06  5.50251815821099e-06
223 7.38829670955751e-07  4.01119760624686e-06  5.38584782672587e-06
224 7.52535675039119e-07  3.73056260442142e-06  5.08597846195468e-06
225 1.90550041532946e-06  3.29168730421914e-06  4.63128750042108e-06
226 2.91157446430118e-06  2.7284048329761e-06  4.05505407932861e-06
227 3.71270892042451e-06  2.07951124568698e-06  3.39408445281635e-06
228 4.28874780786998e-06  1.39190465277845e-06  2.68804998222475e-06
229 4.63335616915745e-06  7.50672185413556e-07  1.98101394613922e-06
230 4.75122275538016e-06  5.28311936227322e-07  1.33108960596381e-06
231 4.65653244999601e-06  9.85940441812332e-07  8.53424821205231e-07
232 4.3714380983296e-06  1.54468684772625e-06  7.75265923389331e-07
233 3.92440070576407e-06  2.04499861261949e-06  1.04971965332019e-06
234 3.34843984400018e-06  2.45034396888379e-06  1.38249833247231e-06
235 2.67938608681727e-06  2.74571092075198e-06  1.65381044254052e-06
236 1.95429870167748e-06  2.92543320282797e-06  1.82963289644807e-06
237 1.21062740005593e-06  2.99041844991677e-06  1.90143479293351e-06
238 4.92422352162307e-07  2.94691999050767e-06  1.87151729620294e-06
239 2.80785558848893e-07  2.80560881323272e-06  1.7485555601259e-06
240 8.6664580393252e-07  2.58069471768449e-06  1.54563931094345e-06
241 1.39409075090408e-06  2.28907081394323e-06  1.27918963650454e-06
242 1.82041031244535e-06  1.94954262053443e-06  9.6872801562902e-07
243 2.1337248127586e-06  1.58230439281282e-06  6.39595330141225e-07
244 2.32971601409975e-06  1.20911013522986e-06  3.46388108194171e-07
245 2.40982125175318e-06  8.55673081239399e-07  3.06321221870599e-07
246 2.38043080603487e-06  5.62311697035473e-07  5.53811401737327e-07
247 2.25212283850768e-06  4.13385425087459e-07  8.35459274145749e-07
248 2.03883266590893e-06  4.72682745292922e-07  1.08856580491747e-06
249 1.75697021945177e-06  6.23270010550038e-07  1.29576360406144e-06
250 1.4245287644156e-06  7.64317585680875e-07  1.44924373876132e-06
251 1.06025756517517e-06  8.63049523300717e-07  1.54573333312969e-06
252 6.8311820584783e-07  9.1021209152083e-07  1.5852417021773e-06
253 3.13896686418421e-07  9.0505375190967e-07  1.57047931870353e-06
254 9.97017309846266e-08  8.51123798195905e-07  1.50641008105385e-06
255 3.86405419445485e-07  7.54735007124816e-07  1.3998218673427e-06
256 6.620858532824e-07  6.24286789227099e-07  1.25890169898491e-06
257 8.88248007766554e-07  4.7031668115207e-07  1.09283888399274e-06
258 1.05782396269673e-06  3.08014182175711e-07  9.11512351814334e-07
259 1.16802892906024e-06  1.76204436137194e-07  7.25389717901867e-07
260 1.21909748049948e-06  1.92586522614702e-07  5.45980327173765e-07
261 1.21384731915766e-06  3.28130115293424e-07  3.87858339203466e-07
262 1.1572940426648e-06  4.76585370166577e-07  2.74343042282957e-07
263 1.05623547297692e-06  6.10969963512674e-07  2.37459924562354e-07
264 9.18807147490154e-07  7.22309962617266e-07  2.71190503201069e-07
