1 0.171419967900408  0.125423886866364  0.12088334133633
2 0.183147615796095  0.100376459581364  0.0976367385622225
3 0.184812898001598  0.0846690812603445  0.0821783574386553
4 0.169385803506869  0.0853237396936049  0.0808948514212621
5 0.135466271454532  0.0923481354724855  0.0843688665746724
6 0.104394133675258  0.109665660155232  0.102453563521024
7 0.09544503916326  0.102776498970431  0.0985886636149592
8 0.0917672003185005  0.0966268140334117  0.0911281113381303
9 0.0873607658438844  0.0924565433446976  0.0859491152928421
10 0.0831154875920173  0.0876431561013002  0.0821610630220291
11 0.0778576824921713  0.0824662018500127  0.0780364652697556
12 0.0731249624247034  0.076411960283281  0.0723992453112013
13 0.0722989829517906  0.0682464506912304  0.0642691367273748
14 0.0763028953055402  0.057092804248003  0.0532403853635492
15 0.0817087215705523  0.0435476826776489  0.0404214581038284
16 0.0840188421298576  0.0307046468576228  0.0290875535459349
17 0.080866431792049  0.0246625996520144  0.0244004219100589
18 0.0724111896639827  0.028332211545181  0.0278464573802415
19 0.0607097125901673  0.0349380822248022  0.0337438797619499
20 0.0486424329540859  0.0394632314835457  0.0379435376955599
21 0.0384028048201056  0.0411276865014095  0.0396013324012757
22 0.0306582080695433  0.0408402303096934  0.0393748807795936
23 0.0252420254505189  0.0395035453891204  0.0380593437586423
24 0.0223717421646622  0.0374327799580143  0.0359894828391583
25 0.0227171626479678  0.0345325790897953  0.0331054515212809
26 0.026080834109886  0.0305832802685652  0.0292040778534929
27 0.0310201122272405  0.0254244309692957  0.024132170365638
28 0.0358369025477035  0.0190993161415018  0.0179406835393168
29 0.0391226394132984  0.0120882950960618  0.011094401879601
30 0.0399505179626786  0.0062356063962186  0.00534122931098188
31 0.0380646209343859  0.00723241876259627  0.0066320664154881
32 0.0339102688387073  0.0121188644189854  0.0115384276570071
33 0.0283818603674535  0.0161704428484093  0.0155570044217994
34 0.0224309983234459  0.0187167481915948  0.0181451778980311
35 0.0167964248842005  0.0199171122487669  0.0194336522978587
36 0.0120354011793168  0.0200939931377465  0.0196927613265594
37 0.00890706747376683  0.0195083933379215  0.0191550803487153
38 0.00851895002787188  0.0183014670928878  0.0179627200843261
39 0.0106167591167052  0.0165253807740454  0.0161853746937684
40 0.0136346754835762  0.0142043314181481  0.0138687654306698
41 0.01653353021796  0.0113968479668525  0.0110901047746241
42 0.0187633589341776  0.00825781336747173  0.00801670032154071
43 0.019998596453397  0.00515439020130132  0.00501988309964519
44 0.0200826425098936  0.00321438430300557  0.00319591916030857
45 0.019028748100839  0.00421311296338217  0.00415031252448147
46 0.0170024212063617  0.00638642693092079  0.00621178878041257
47 0.0142703473993851  0.00829210650022261  0.00802773530143042
48 0.0111347239335278  0.00961705995413444  0.00929402215653964
49 0.00788827325931639  0.0103251370762338  0.00997058282496612
50 0.00484891756024018  0.0104677740926819  0.0101014716365593
51 0.00275933544250737  0.0101204352593078  0.00975568879773115
52 0.00331409446024401  0.00935625740910841  0.00900278318293932
53 0.00530809801394744  0.0082416418084808  0.00790828262672077
54 0.00725856952195704  0.00684399971833838  0.00654023266043769
55 0.00881457203645901  0.00524385260956287  0.00498013883565061
56 0.0098518680326085  0.00355141781294775  0.00333982162449135
57 0.0103168043227718  0.00197060143131703  0.00183486912480438
58 0.0102062030359994  0.00127449921446408  0.00128785683437651
59 0.00956271994360197  0.00218147547398723  0.00222737484988805
60 0.00846723793216748  0.00334983998189647  0.00336302672145625
61 0.00702665233073612  0.00431401702527438  0.00429524119112101
62 0.0053602980834962  0.00498270841209267  0.00494103988150041
63 0.0035905662716105  0.00533738524556205  0.00528277699254828
64 0.00185551095717829  0.00538970465597438  0.00533107510622097
65 0.000696712024069217  0.00516813043057104  0.00511284156214673
66 0.00171453637407322  0.00471114037613162  0.00466510963319071
67 0.00299501240388649  0.00406384286256182  0.00403186515250008
68 0.00405363478624093  0.00327701743470239  0.00326300072448959
69 0.00482596300202082  0.00240871001007494  0.00241562297469523
70 0.00528862240780341  0.00153456015381916  0.00156341715741063
71 0.00543989304594985  0.000822929490278877  0.000861417124070408
72 0.00529648637100848  0.00081757333336734  0.000796528352738873
73 0.00489112656075089  0.00138582193485271  0.0013176648667662
74 0.00426914480520926  0.00196191545976778  0.00186965848511327
75 0.0034842924320389  0.00241756916252639  0.00231008672102383
76 0.00259464104506452  0.00272071813109831  0.00260397155712337
77 0.00166030388006995  0.0028642744866273  0.00274321865214743
78 0.000754323823726614  0.0028538748325171  0.00273277640081469
79 0.000362705194397928  0.00270365468873466  0.00258615677880001
80 0.00104518934943697  0.00243385876479648  0.00232302503619701
81 0.00170483074316185  0.00206921477036838  0.00196758381242386
82 0.00222909919581293  0.00163790793452229  0.00154757875548877
83 0.00259574368704802  0.0011717535754581  0.00109467003321386
84 0.00279763480995362  0.00071211578341784  0.000651804104848774
85 0.00283783352030292  0.000364227388574526  0.000340952130981842
86 0.00272801999665789  0.000444475565095573  0.000468749401211134
87 0.00248704361263282  0.000758980578317247  0.000783194844660926
88 0.00213923570908289  0.00105150204834193  0.00106843709293222
89 0.00171257410934644  0.00127494099448599  0.00128494812861889
90 0.00123696713230457  0.00141689142761802  0.00142163954233121
91 0.00074346053012047  0.00147518555486973  0.00147669666493875
92 0.000273831140193903  0.00145357497222714  0.00145392139260922
93 0.000254912632651881  0.0013601148834485  0.00136126646887212
94 0.000639686952072112  0.00120611718367923  0.00120984542651638
95 0.000973695703439567  0.00100532854479497  0.00101314234017595
96 0.00123057183517767  0.000773413015964102  0.000786512011713081
97 0.00140217581459169  0.000528492322254399  0.000547662374190871
98 0.00148666474145654  0.000298047400894848  0.000322479932920753
99 0.00148714298026697  0.000178040801917175  0.000189460026645668
100 0.0014109137210437  0.000294751618752884  0.000275738128607355
101 0.00126869679509522  0.000464432561310228  0.000433587355447125
102 0.00107375873049573  0.000610155271051359  0.000573157066406746
103 0.000841002489875662  0.000716763792379738  0.000676020002296805
104 0.00058612455552991  0.000779743717746403  0.000736934821188412
105 0.000325261278619129  0.000798854333208094  0.000755391251936421
106 8.43030155273763e-05  0.000776681754375504  0.000733793917281916
107 0.000179514291660483  0.00071795790991535  0.000676698402950498
108 0.00038123004783576  0.000629045402501538  0.000590281275863833
109 0.000548169829297531  0.000517501334940753  0.00048191450536687
110 0.0006724645895918  0.000391806469357606  0.000359939250046922
111 0.00075112495991848  0.000261758175111378  0.000234278404855741
112 0.000784053624224202  0.00014310250761361  0.000123014425347032
113 0.000773599050249363  9.42279787893436e-05  9.73951857198454e-05
114 0.000724173628768401  0.000162846032751623  0.000175654829249253
115 0.000641829941996408  0.000249095079087761  0.000261308374339934
116 0.000533802365444877  0.00032074269533431  0.000331229097015151
117 0.00040804714437375  0.000371236572070559  0.000380141156012898
118 0.000272856778218872  0.000398760302173154  0.000406517086257181
119 0.000137004729202504  0.000403555618907161  0.000410678401425902
120 3.09934254880247e-05  0.000387258710664077  0.000394265003927425
121 0.000123176640630722  0.000352566151643751  0.000359937436657392
122 0.000224892181623937  0.000302977805177355  0.000311134482500947
123 0.000307077649950997  0.000242591238485879  0.000251873949325957
124 0.000366393009631924  0.00017604065444734  0.000186679478938207
125 0.000401640665616385  0.000109144123710216  0.000121066062023762
126 0.000413087261139464  5.53370096683359e-05  6.57578721546869e-05
127 0.000402239848997853  6.09792147726902e-05  5.68336474316341e-05
128 0.000371638492954559  0.000107187929068651  9.56478649542125e-05
129 0.000324628204894749  0.000151824963160916  0.000137669930681201
130 0.000265116307588015  0.000186936567046412  0.000171396565177116
131 0.00019733370762279  0.000210406279682635  0.000194085187538794
132 0.000125649091102352  0.000221693211804519  0.000205031148410292
133 5.48436954363353e-05  0.000221152861090584  0.000204521476791334
134 2.1710915547404e-05  0.00020980668372912  0.000193529516924234
135 7.84273671616942e-05  0.00018919311264076  0.000173547040856717
136 0.000129741716704602  0.000161239869557857  0.000146453862994832
137 0.00017011874426873  0.00012816028846839  0.000114422204936075
138 0.00019820658265742  9.24309210570514e-05  7.99345252085951e-05
139 0.000213591504191036  5.71682726683694e-05  4.64402639150153e-05
140 0.00021659118886315  2.96034736078391e-05  2.47380125659754e-05
141 0.000208148157365586  3.25968904746289e-05  3.78075060233696e-05
142 0.000189718907199931  5.56585413468134e-05  6.23808664480353e-05
143 0.00016315139372229  7.7742636894786e-05  8.42141015412353e-05
144 0.000130556457832032  9.47141493516116e-05  0.000100715315377883
145 9.41846666137191e-05  0.000105525566500754  0.000111106675796479
146 5.63451913854613e-05  0.000109973300673666  0.000115257505468457
147 1.98330504734722e-05  0.000108322955016524  0.000113453298094776
148 1.85050112536354e-05  0.000101180515306061  0.000106298203610716
149 4.85548334945574e-05  8.94107688837603e-05  9.46435509046254e-05
150 7.41866203605527e-05  7.40710298731667e-05  7.95256934642847e-05
151 9.38178844837204e-05  5.63674048313971e-05  6.21212304377167e-05
152 0.000106892815428794  3.77004741145351e-05  4.37665195829973e-05
153 0.000113300379941077  2.03083144035978e-05  2.63107800674495e-05
154 0.000113297544524912  1.30924060744532e-05  1.4857489221847e-05
155 0.000107454533300927  2.3877463803893e-05  1.9700062239393e-05
156 9.65950887201315e-05  3.71574743893084e-05  3.13674178906036e-05
157 8.17310872065174e-05  4.83306062646526e-05  4.19281091381243e-05
158 6.39952866091827e-05  5.64555890410506e-05  4.97546387406595e-05
159 4.45797561829929e-05  6.12368346148415e-05  5.44070147222838e-05
160 2.47123259962898e-05  6.26703281028166e-05  5.58345728950746e-05
161 6.39924026427568e-06  6.09570263378614e-05  5.42154513063795e-05
162 1.37697583081001e-05  5.64578985985828e-05  4.98941691955571e-05
163 2.91348292567687e-05  4.96573699762071e-05  4.33404415341786e-05
164 4.18550798241918e-05  4.11309856832517e-05  3.51170652141822e-05
165 5.13269257389158e-05  3.15239554282546e-05  2.58655686527559e-05
166 5.73210395135433e-05  2.15732064979292e-05  1.63726396318483e-05
167 5.98290177806517e-05  1.23784970041648e-05  8.2800256921184e-06
168 5.90289749052472e-05  7.47840543424963e-06  8.01825205520468e-06
169 5.5256332006106e-05  1.15289592642753e-05  1.45916556737073e-05
170 4.89715637553158e-05  1.78612497554758e-05  2.12133611413728e-05
171 4.07253350741326e-05  2.32678309849246e-05  2.65538962887281e-05
172 3.11232974313647e-05  2.71096883282905e-05  3.02706910797071e-05
173 2.07954903001437e-05  2.92161725659534e-05  3.22608151237453e-05
174 1.03989029010838e-05  2.95948593725683e-05  3.2553045370673e-05
175 2.11792076335965e-06  2.83660761457764e-05  3.12741430746184e-05
176 9.34871770473017e-06  2.57336716130971e-05  2.86279085404313e-05
177 1.71382704902527e-05  2.19641468078873e-05  2.48771457054865e-05
178 2.34173654801281e-05  1.73706847496647e-05  2.03282026208413e-05
179 2.79446456931354e-05  1.23103361610848e-05  1.53234979205531e-05
180 3.06319317998563e-05  7.25285898119471e-06  1.02670375969147e-05
181 3.15011301206386e-05  3.55487549870134e-06  5.84254394576618e-06
182 3.06683337949606e-05  5.18194555507387e-06  4.22259248308739e-06
183 2.83282123748255e-05  8.99281232484058e-06  6.62356680204998e-06
184 2.4736639061141e-05  1.24518601057439e-05  9.70939866689147e-06
185 2.01921661008188e-05  1.51369449509208e-05  1.22521743031836e-05
186 1.50177568920963e-05  1.69184071626398e-05  1.39780904827606e-05
187 9.54635258410711e-06  1.77642055597148e-05  1.48176958238474e-05
188 4.1399083328204e-06  1.77052639233945e-05  1.47877335803815e-05
189 1.65073872176049e-06  1.68215112434116e-05  1.39604886137374e-05
190 6.00301104663136e-06  1.52315520932716e-05  1.2449050931066e-05
191 9.91678305236251e-06  1.30832602598168e-05  1.03968696467329e-05
192 1.299336183945e-05  1.05458381324215e-05  7.97092675673326e-06
193 1.51316592014349e-05  7.80703787033519e-06  5.36706240848848e-06
194 1.63008999957978e-05  5.09279324817993e-06  2.89610879184797e-06
195 1.6525788990814e-05  2.82618402814105e-06  1.82200618032501e-06
196 1.58785143418054e-05  2.34246005069093e-06  3.39460089684712e-06
197 1.44703221750075e-05  3.78375589948598e-06  5.35670370428066e-06
198 1.24421942113578e-05  5.39416647257754e-06  7.03475510715496e-06
199 9.95507204818251e-06  6.66750460925262e-06  8.28941906618178e-06
200 7.18050427788406e-06  7.48787012294677e-06  9.07263237395706e-06
201 4.29452481716123e-06  7.83001472487919e-06  9.37785539755377e-06
202 1.51068391623377e-06  7.7106293004499e-06  9.22824118948645e-06
203 1.41459557515073e-06  7.17433537806766e-06  8.67053441726569e-06
204 3.70563988224878e-06  6.28632884867831e-06  7.77002385163128e-06
205 5.65987078648496e-06  5.12708907157496e-06  6.60590207659214e-06
206 7.15643985406863e-06  3.78963638233724e-06  5.2676384612936e-06
207 8.15292157369501e-06  2.38770634401515e-06  3.85495306870943e-06
208 8.64083002817703e-06  1.15863511214542e-06  2.49337479391952e-06
209 8.63975524618901e-06  1.15324996617092e-06  1.43912900779811e-06
210 8.19319076809339e-06  2.2042521485456e-06  1.34963060459417e-06
211 7.36397859436374e-06  3.2497325568267e-06  2.06936787197356e-06
212 6.22931855916349e-06  4.10575619226658e-06  2.83180521416971e-06
213 4.87562567921431e-06  4.72179202351435e-06  3.41652847819418e-06
214 3.3937932942675e-06  5.08004461337904e-06  3.76948032338359e-06
215 1.87720382092561e-06  5.18180403861493e-06  3.88085951685328e-06
216 4.7620606329913e-07  5.04311495464321e-06  3.7620510820904e-06
217 1.05292115657344e-06  4.69192240599822e-06  3.43841501909594e-06
218 2.22658624707727e-06  4.16546277459871e-06  2.94547418712556e-06
219 3.19684586903707e-06  3.50782955599257e-06  2.32644707267749e-06
220 3.91884998973263e-06  2.76816244011548e-06  1.6322191957528e-06
221 4.37534013152905e-06  2.00109553686615e-06  9.34863565188818e-07
222 4.56579121738291e-06  1.27711012354989e-06  4.82769494623204e-07
223 4.50387595772235e-06  7.48032761187688e-07  8.24235420142627e-07
224 4.2152518744185e-06  7.56491932124e-07  1.39527661381732e-06
225 3.73510243572112e-06  1.14118185501007e-06  1.90980476624945e-06
226 3.10547636420826e-06  1.52715696878621e-06  2.31610328569425e-06
227 2.372601397984e-06  1.81232529837971e-06  2.59550460464938e-06
228 1.58455183733138e-06  1.9717202898877e-06  2.7421011482005e-06
229 7.91462466875433e-07  2.00229670432957e-06  2.75880906889398e-06
230 1.61555648274234e-07  1.91186411111368e-06  2.65564257824092e-06
231 7.14597327039037e-07  1.71542150635164e-06  2.44834866798792e-06
232 1.30847821360236e-06  1.43319811363336e-06  2.15710248699627e-06
233 1.78705340544926e-06  1.08959203988088e-06  1.80531388620398e-06
234 2.13196453278082e-06  7.14558048656152e-07  1.41884101931614e-06
235 2.33651913950329e-06  3.63568050285359e-07  1.02660303179627e-06
236 2.40241548866169e-06  2.92906781763277e-07  6.6688040084387e-07
237 2.33852991274034e-06  5.78475399567007e-07  4.18886633809659e-07
238 2.15972599133862e-06  8.87965893532837e-07  4.22777049340425e-07
239 1.88552984880876e-06  1.15278009380135e-06  5.94817486064149e-07
240 1.5387181384588e-06  1.35504157877393e-06  7.69700632368246e-07
241 1.14392627278514e-06  1.48734520618252e-06  8.95207306180023e-07
242 7.26551695352471e-07  1.54795632176926e-06  9.57994307252995e-07
243 3.14245480416032e-07  1.53951212268614e-06  9.56744547857078e-07
244 1.27150951032145e-07  1.46825061731243e-06  8.95977036238207e-07
245 4.59339839687761e-07  1.34330913690938e-06  7.8396263297291e-07
246 7.57732759480557e-07  1.17603229170572e-06  6.31743930717405e-07
247 9.9223152676487e-07  9.79344921989374e-07  4.53066190961351e-07
