1 0.187003601345899  0.13682605839967  0.131872736003269
2 0.202102415671179  0.111287943129141  0.108035382240717
3 0.203739164529688  0.0981851405679034  0.0946497508972155
4 0.181407431809297  0.103272447289013  0.0977923265724377
5 0.136082055906328  0.116167197291794  0.105291893121443
6 0.108979301910598  0.126209473490692  0.119816671749478
7 0.107252255547975  0.111690070958201  0.106266086901717
8 0.102564002304219  0.107071816423348  0.0987467946428265
9 0.0973616926687157  0.101338595485087  0.0938836281383362
10 0.0911679427257342  0.0949709783153593  0.0893505409624603
11 0.0845013497825192  0.0879549107911809  0.0831074897724926
12 0.0824202155286065  0.078428609529821  0.0736416264487658
13 0.0873216306806884  0.0647375730261569  0.0600650954447935
14 0.0941193324448729  0.0477065209350633  0.0440779040703681
15 0.0957931161162748  0.0328928556745452  0.0314000905915554
16 0.0893143866755227  0.0300475276071493  0.0296597905010748
17 0.0760760059463828  0.037687184366426  0.0364465061199051
18 0.0604908131886278  0.0448223961817968  0.0429275560834777
19 0.0472228304768159  0.0476476695156492  0.0457289090423574
20 0.0379895045395544  0.0472865952360812  0.0455119835778306
21 0.0318505982192236  0.0455898855924678  0.0438491312465174
22 0.0282874976835873  0.0431854614805772  0.0414248815607122
23 0.0281610964450532  0.0398175552180444  0.0380672744514013
24 0.0318272882818937  0.0350334037863724  0.0333437006692703
25 0.0377334549897576  0.0285062952905  0.0269283108929187
26 0.0434476189743119  0.0202782868987857  0.0188747452577104
27 0.0467486451133688  0.011382652229969  0.0101777528679224
28 0.0462436449705944  0.00716604383705745  0.0061927663644539
29 0.0418876782837412  0.0126600652092285  0.0118743802622311
30 0.0349451253070074  0.0185569714238084  0.0176850650099187
31 0.0272270915237685  0.0221809338382043  0.0213582828260018
32 0.0202108116655755  0.0236856660195644  0.0230227195158476
33 0.0147640626073344  0.023737659125945  0.0232248234249377
34 0.011637819953241  0.0228550233184898  0.0224158836670622
35 0.0116464335956279  0.0212482040781972  0.0208142375044629
36 0.0142470449125787  0.018925669011864  0.018470199069875
37 0.0178387707505677  0.0158545289148675  0.015393250787954
38 0.0211927181384652  0.0120988776063189  0.0116797672633212
39 0.0235091361840197  0.00797169152428448  0.00766276666874864
40 0.0242895161436319  0.00451351739999432  0.00438739420107663
41 0.0233581490902038  0.00466224842519464  0.00461071317820497
42 0.0208807604215885  0.00749010186630293  0.00730369694656779
43 0.0172890373621796  0.0101038810194622  0.00978882139928717
44 0.0131292406064155  0.0118391306901434  0.0114437247164961
45 0.00893681590397635  0.0126508934562613  0.0122186042547737
46 0.0053252824965998  0.012664482879606  0.0122231627339145
47 0.00378124825577282  0.0120272984962815  0.0115923061243151
48 0.00542689751414104  0.0108537928561574  0.0104358119105689
49 0.00796835382941667  0.00922992718281401  0.00884089459774555
50 0.0102300862902938  0.00724569389520984  0.006900934080038
51 0.0118628884837883  0.00503461005660246  0.00475289097792451
52 0.0127057979873086  0.00285303502602231  0.00266363552709091
53 0.0126997554887365  0.0016465141393239  0.00163918825256838
54 0.0118813708832604  0.00276829066697032  0.00281316057010628
55 0.0103724503890814  0.00435739832895398  0.00435455375937471
56 0.00835400131880021  0.00562899639161322  0.00558244533547725
57 0.00603385302214303  0.00644348543534883  0.00636931419237176
58 0.00362939371217576  0.0067854309279574  0.00669955859046847
59 0.00148870464002511  0.00668918531633352  0.00660427758209543
60 0.00160368034084629  0.00621242025095047  0.00613768549728994
61 0.00334202066749703  0.00542345567968241  0.00536569815634715
62 0.00488574001475787  0.0043978547247183  0.00436258070305798
63 0.00603481094836967  0.00322212617926576  0.00321389375606558
64 0.00672991044323275  0.00201105531467318  0.00203201168702575
65 0.00695537701826601  0.00103200429153596  0.00106506863582224
66 0.00673118937017183  0.00114546980832528  0.00110355808049221
67 0.00610953469541413  0.00197869277500709  0.00188568105995229
68 0.00516820165528156  0.00275557728354313  0.00263434153489631
69 0.00400126216457037  0.00332483805980127  0.00318609028634416
70 0.00271046006816814  0.00365063245860253  0.00350270436169883
71 0.00140826132819667  0.00373206150890364  0.00358196678896476
72 0.00046166331917947  0.0035874149183581  0.00344092964135512
73 0.00122320818396846  0.00324738596907901  0.00310917949712788
74 0.00217718852283315  0.00275118314928356  0.00262504569107052
75 0.00293828380272788  0.0021445830966883  0.00203368090179345
76 0.00345884442193961  0.00148079664231898  0.00138818236601733
77 0.00372373512518097  0.000835234293459132  0.00076728953120752
78 0.00373716549990906  0.000453674714895834  0.000447560860637824
79 0.00351975019720004  0.000755083232142248  0.000783844668240185
80 0.00310573769903659  0.00121492980148853  0.00123574007240533
81 0.002539460641122  0.00159505927860648  0.00160492184652359
82 0.00187143765810394  0.00185263596121999  0.00185361600112285
83 0.00115554900841142  0.00197708256770166  0.00197231070106853
84 0.000458738828491497  0.00197142792295057  0.00196426452440317
85 0.000334576442909645  0.00184771943589066  0.00184140919531218
86 0.000894534693534536  0.00162459863413009  0.00162207747686865
87 0.00138055474592491  0.00132557779084261  0.00132935248024367
88 0.00174236907645031  0.000978122158395593  0.000990186295033619
89 0.00196600546886984  0.000615784611412988  0.0006373778675009
90 0.00204928493318147  0.000305284184438649  0.000332299881294247
91 0.00199934773665905  0.000301194243682492  0.000293182979158123
92 0.00183117955043188  0.000548953148773987  0.000516403204187262
93 0.00156594948788489  0.000786777766174372  0.000743366186735907
94 0.00122911782817576  0.000965799395469539  0.000915974850823419
95 0.000848533017634305  0.00107400102447552  0.00102061745181196
96 0.000453328920715146  0.00110938003453903  0.00105480986014991
97 9.61061396119629e-05  0.0010758652350162  0.00102216206079434
98 0.000307738790132548  0.000981768375653212  0.000930660397854399
99 0.00060759881413765  0.000838684607642696  0.000791550390994254
100 0.000845514740312358  0.000660610103721346  0.000618487181461693
101 0.00101017270259906  0.000463634818954857  0.000427356430410426
102 0.0010977911149164  0.00026881406011582  0.000240062513576801
103 0.00110997400976618  0.000135471129095549  0.000127833006389284
104 0.00105291211951365  0.000204530970554875  0.00021758694820256
105 0.000936538671970767  0.000340953841012481  0.000353632358961019
106 0.000773569527414358  0.000456978168095517  0.000466967693069004
107 0.000578501319622493  0.000537704299325421  0.000545281439297335
108 0.00036677245038032  0.000579300245567707  0.000585223420576176
109 0.000155693899768757  0.000582147001201898  0.000587290299322889
110 7.426364550456e-05  0.000549424123195316  0.000554651945320036
111 0.000243652802316658  0.000486421117683599  0.000492522439248555
112 0.000392551689816199  0.000400008030525533  0.000407653912925861
113 0.000504740950499991  0.000298276928629993  0.000307982804403738
114 0.000575969235817495  0.000190926456167455  0.000202923533194036
115 0.00060544284948481  9.55663848538535e-05  0.00010812644069498
116 0.000595124682441116  8.31651846820487e-05  8.02232398622987e-05
117 0.000549286452344215  0.00015527114731167  0.000141733346811939
118 0.000474017885192197  0.000227326892937382  0.000210065190076765
119 0.000376689019820778  0.000282656536114279  0.000263352251406778
120 0.000265416311358961  0.000317316893443575  0.000296859681097071
121 0.000148716824732244  0.000330468502148875  0.000309561958140456
122 3.89931837214828e-05  0.000323053788877152  0.000302317235768533
123 7.92718822196103e-05  0.000297345407859368  0.000277323057825134
124 0.000169715766470189  0.000256633185811683  0.000237784953737284
125 0.000242693116396555  0.000204959704019761  0.000187659100694135
126 0.000294288180356161  0.00014698360986546  0.000131563146183139
127 0.000323129405609455  8.85290338449461e-05  7.56557244617002e-05
128 0.000329488061314202  4.33412266678778e-05  3.82322487916351e-05
129 0.000315027222145213  5.44335025795847e-05  6.09090875416024e-05
130 0.000282553853520371  9.43840630320028e-05  0.000101669153144037
131 0.000235737697712836  0.000129871085862585  0.000136404190298544
132 0.000178812563378621  0.000155233563749599  0.000160967209432991
133 0.000116301428688749  0.000169056472786423  0.000174198403554439
134 5.30139943714226e-05  0.00017131144194554  0.000176131464098445
135 1.54335526452052e-05  0.000162846314191838  0.000167617705412401
136 6.5806973775191e-05  0.00014516435393196  0.000150136193843985
137 0.000111305029741277  0.000120259552530228  0.000125640487625367
138 0.000146039641908725  9.04968729571694e-05  9.64414015944391e-05
139 0.00016867397921052  5.86762199163775e-05  6.52360582808575e-05
140 0.000178890108868515  2.95273841482545e-05  3.60650389859849e-05
141 0.000177193273837651  2.29772536045153e-05  2.26011065049297e-05
142 0.000164784806512767  4.41978676599991e-05  3.83453116133331e-05
143 0.000143419457455782  6.61322965741785e-05  5.878443325687e-05
144 0.000115247468679889  8.32346914099086e-05  7.52060801178263e-05
145 8.26554781487233e-05  9.42516114663107e-05  8.58812401044426e-05
146 4.81500192208755e-05  9.88835422525556e-05  9.04023498752165e-05
147 1.4918066097651e-05  9.73664521634794e-05  8.89633703094299e-05
148 2.00729563766601e-05  9.03369929640564e-05  8.21725323364529e-05
149 4.72875701257368e-05  7.87404820568317e-05  7.09485401052536e-05
150 6.95965654543876e-05  6.37516000682205e-05  5.64412993530026e-05
151 8.56636228550339e-05  4.67255180035209e-05  3.99977241778636e-05
152 9.50184911468031e-05  2.9301329875655e-05  2.33755800524466e-05
153 9.76882166118045e-05  1.47253226995806e-05  1.14511578208341e-05
154 9.41190737155349e-05  1.45580071211177e-05  1.72669595282103e-05
155 8.51042869962409e-05  2.58115514860834e-05  2.94977583865655e-05
156 7.17021459257355e-05  3.65354325148364e-05  4.01175226689967e-05
157 5.51482172046444e-05  4.44279632685639e-05  4.77793077951566e-05
158 3.6772253760571e-05  4.89510664894673e-05  5.20988987813683e-05
159 1.79727932635423e-05  5.00445545239736e-05  5.30562950900316e-05
160 3.61168513330146e-06  4.79254382105531e-05  5.08785909537055e-05
161 1.76269787320469e-05  4.30139298818671e-05  4.59835174488291e-05
162 3.14475719285862e-05  3.58824238095416e-05  3.89339574713793e-05
163 4.21602330528069e-05  2.72176148419528e-05  3.04010357708613e-05
164 4.93198077065128e-05  1.78297299302085e-05  2.11600132007675e-05
165 5.27982468635703e-05  9.0224456665395e-06  1.22747226569046e-05
166 5.27162692096783e-05  6.43229630901331e-06  6.81754010044503e-06
167 4.94059520648894e-05  1.27184657067325e-05  1.01943265564487e-05
168 4.33691989792249e-05  1.94016826760696e-05  1.61936375654092e-05
169 3.52312338571779e-05  2.46864078126062e-05  2.12225740447511e-05
170 2.56927814783062e-05  2.81786262348347e-05  2.46036203816465e-05
171 1.54908147207605e-05  2.97738704702555e-05  2.61720429155237e-05
172 5.47433042203229e-06  2.95284806850319e-05  2.59630472036627e-05
173 4.88962794123458e-06  2.76198942492764e-05  2.41420255965271e-05
174 1.30841849530843e-05  2.43196326453603e-05  2.09707383296676e-05
175 1.99054100683401e-05  1.99694535967115e-05  1.67826332878432e-05
176 2.49019918302557e-05  1.49645117191072e-05  1.19708399046322e-05
177 2.79168120470571e-05  9.7695157325977e-06  7.04272629806809e-06
178 2.89425173143843e-05  5.16469914754855e-06  3.36160440536414e-06
179 2.80980068669306e-05  3.94164166663029e-06  4.98091903906108e-06
180 2.5607494427715e-05  6.91051624068678e-06  8.68252165467914e-06
181 2.17766094788867e-05  1.01171659726644e-05  1.19323771653758e-05
182 1.69665097019671e-05  1.25580313596046e-05  1.4316437139841e-05
183 1.1568868228181e-05  1.40209614585409e-05  1.57128023143363e-05
184 5.99385167486703e-06  1.44697421246282e-05  1.61080394272102e-05
185 1.14937360893062e-06  1.39580704590576e-05  1.55627251442231e-05
186 4.67385493587082e-06  1.26030666173965e-05  1.4195057268824e-05
187 8.85966892753298e-06  1.05690457778884e-05  1.2167472892523e-05
188 1.21527263659433e-05  8.05573805948486e-06  9.67522787063735e-06
189 1.44044301932307e-05  5.29972814984145e-06  6.94222923006203e-06
190 1.55668803185575e-05  2.67659372192073e-06  4.2542486861231e-06
191 1.56673306156452e-05  1.85518959218147e-06  2.27067844841134e-06
192 1.47969817051636e-05  3.75506413289713e-06  2.67132639298193e-06
193 1.30988973726474e-05  5.78888732318692e-06  4.35895869462914e-06
194 1.07543885542862e-05  7.41554132659817e-06  5.88013045687979e-06
195 7.96881912613478e-06  8.51493912560801e-06  6.94126585302054e-06
196 4.95925845902319e-06  9.05192109649685e-06  7.47293216297006e-06
197 1.96428855058937e-06  9.03904093720138e-06  7.47684282854826e-06
198 1.14668875361193e-06  8.52525360466789e-06  6.99672158204318e-06
199 3.59489583980125e-06  7.58812569565471e-06  6.1065353107796e-06
200 5.67604357341696e-06  6.32676075383696e-06  4.90267675649195e-06
201 7.22594100598139e-06  4.85625164749847e-06  3.50010401435636e-06
202 8.19183618115572e-06  3.30902941333615e-06  2.0481405478176e-06
203 8.56657137228324e-06  1.8771055596976e-06  9.60456292214482e-07
204 8.38110490334516e-06  1.14808820566841e-06  1.49086445174589e-06
205 7.69840949971267e-06  1.79385865852856e-06  2.62108524479449e-06
206 6.6064973772646e-06  2.72837801734095e-06  3.6152855434976e-06
207 5.21078004689969e-06  3.47650185490994e-06  4.35471431824079e-06
208 3.62652081014115e-06  3.94541668268766e-06  4.80206013208267e-06
209 1.97408891986189e-06  4.11599233785703e-06  4.95137528378572e-06
210 4.45278059825889e-07  4.00010112545433e-06  4.81867395683528e-06
211 1.21856962447162e-06  3.62993912953075e-06  4.43733090920273e-06
212 2.48532911039137e-06  3.05255456159137e-06  3.8541951127418e-06
213 3.49619963864674e-06  2.3261669769631e-06  3.12610251529831e-06
214 4.2019365640023e-06  1.52068010823875e-06  2.31792758659858e-06
215 4.58545877951264e-06  7.51108964167997e-07  1.50773629632374e-06
216 4.65236053356317e-06  5.59109969972333e-07  8.36185917063656e-07
217 4.42756094051746e-06  1.15577596087218e-06  7.11801568678161e-07
218 3.95179029196974e-06  1.77553990816293e-06  1.13370064517033e-06
219 3.27760413634139e-06  2.27463476715911e-06  1.58201336819233e-06
220 2.46518010160766e-06  2.61830439147533e-06  1.91060132622266e-06
221 1.57852299921372e-06  2.79526970659441e-06  2.08706491337168e-06
222 6.86295700493615e-07  2.80815705021018e-06  2.10790584419622e-06
223 2.58622305123233e-07  2.67045319476792e-06  1.98403568584014e-06
224 9.80673579154269e-07  2.40430306717063e-06  1.73612467882984e-06
225 1.61414348955133e-06  2.03843338107472e-06  1.39200174807229e-06
226 2.09344992964829e-06  1.6063849812766e-06  9.85553668970666e-07
227 2.4009511789808e-06  1.14613291465038e-06  5.62647787181509e-07
228 2.53301448131194e-06  7.06569161780623e-07  2.69606079567901e-07
229 2.49751283483747e-06  3.9810982247327e-07  4.77772780990935e-07
230 2.31203439168839e-06  4.5619246106993e-07  8.24948968522985e-07
231 2.00184987161148e-06  7.06783901049982e-07  1.12828880772624e-06
232 1.59766555694962e-06  9.30372770289374e-07  1.35636498617523e-06
233 1.13336399503783e-06  1.07820994141258e-06  1.49809862733474e-06
234 6.44365328070937e-07  1.13965364645244e-06  1.55121232944073e-06
235 1.77524047696245e-07  1.11629826487664e-06  1.51988864847814e-06
236 3.11299548503458e-07  1.01666647391479e-06  1.41352234662361e-06
237 6.93707748430985e-07  8.54119872085762e-07  1.24560607077465e-06
238 1.00345505194103e-06  6.45702178067393e-07  1.03267826719433e-06
239 1.2239556015639e-06  4.12691149282103e-07  7.93575506571815e-07
240 1.34924394070784e-06  1.95655998615409e-07  5.49953789084821e-07
241 1.38021547335122e-06  1.88416659112155e-07  3.33025441635608e-07
242 1.32360731755827e-06  3.79588923639293e-07  2.19048525812794e-07
243 1.19097557577434e-06  5.67909263491087e-07  2.8502117583766e-07
244 9.9752892787337e-07  7.20219423142415e-07  4.06642047878822e-07
