1 0.202587234791391  0.148228229932976  0.142862130670208
2 0.221625204409531  0.123355432099767  0.119480771031362
3 0.223269457987855  0.115371751623427  0.110338238168791
4 0.192228351243147  0.123161379329938  0.116596138972691
5 0.135421268142807  0.145366355173648  0.132240705290802
6 0.12045434349895  0.137147202398931  0.131545488230948
7 0.121272649139651  0.123280692307417  0.114472160040296
8 0.114324045354582  0.118321148051535  0.107620408336338
9 0.107479860516339  0.110456911843146  0.102765718470407
10 0.09872494784871  0.102310639535355  0.0963053802318163
11 0.0935084989225992  0.0920219735509628  0.0862700269268129
12 0.0980624603869757  0.0764331580539432  0.0706675841875397
13 0.106907415469601  0.0556888036476163  0.0511077699950275
14 0.108921120232005  0.0378808947492484  0.0360934331559218
15 0.099268333551331  0.0371989450839608  0.0363540469605169
16 0.0809573016748384  0.047653297396182  0.0455582662291767
17 0.0620765739271068  0.0544640107793927  0.0519193362341842
18 0.0492178902272284  0.0551499990000651  0.0528923859896416
19 0.0416918525160461  0.0531147938376135  0.0510085794092897
20 0.0366512363200983  0.0505454288252027  0.0483787286432581
21 0.0344735528366179  0.0471815091376413  0.0449915773661029
22 0.0368351198115936  0.0421723084345086  0.0400462617368227
23 0.0431445998333512  0.0348433794536977  0.0328404602654564
24 0.0503173632982282  0.0249723143102382  0.0231584214211145
25 0.0547317010090621  0.0137895411276722  0.0122216735714928
26 0.0537590158314282  0.00954645293592291  0.00835517250495126
27 0.0471761849209123  0.0174269955989841  0.0163054151944279
28 0.0374041097832915  0.0243545783784362  0.0231114860691601
29 0.0278176671512414  0.0276166114053647  0.0265514019198483
30 0.020624093449162  0.0281468540105288  0.0273826839753773
31 0.0163572622090281  0.0272598411946783  0.0266832066699126
32 0.0151349653847965  0.0255794600995548  0.0250287996790881
33 0.0169729452076663  0.0231034483822751  0.0224991250793034
34 0.0207853265428324  0.0196382203386462  0.0189890072455288
35 0.0249393650254469  0.0151198219574673  0.0144943284903852
36 0.0280261996913068  0.00988914288195637  0.0093962351309913
37 0.0290463954862193  0.00551265495779172  0.00529156681285258
38 0.0275755566886779  0.00633953495290764  0.00625085541851293
39 0.0238786136651764  0.0101873304083833  0.00991762830432773
40 0.0187736715807841  0.0132931680388821  0.012862997064549
41 0.0132826353220655  0.0149819220707673  0.0144716178204241
42 0.00839858035538581  0.0153905831487713  0.0148590119994865
43 0.00555468732141407  0.0148317487036959  0.0143048947902089
44 0.00648677698401058  0.0135406772235771  0.0130288695469721
45 0.00937572681534745  0.0116339281806386  0.0111498506983343
46 0.0122702645442038  0.00919017747963365  0.00875558186510115
47 0.0144657228783612  0.00635752099185305  0.00600254525193335
48 0.0156106563324334  0.00351246756030697  0.00328386317941207
49 0.01553986867472  0.00221392375038074  0.00222082278377245
50 0.0142795556096726  0.00396635751553829  0.00399298698543532
51 0.012034502584611  0.00603572927668469  0.00599125974475271
52 0.00912922533450154  0.00753928439324826  0.00744187544553993
53 0.00593539628004501  0.00833536030694603  0.00821337002063583
54 0.00290012679555792  0.0084524593903735  0.00832882391007815
55 0.00177353318112106  0.00798313570234864  0.00787225169573278
56 0.00381586019551817  0.00703660353024269  0.00694677492610565
57 0.0059328687835542  0.00572346041863607  0.00566073485901298
58 0.00754462911301273  0.00416493896405357  0.00413512522113422
59 0.00851869185277932  0.00252958104548713  0.00253588003451011
60 0.00880725771085007  0.00126470173043045  0.00127912699064083
61 0.00842841947506938  0.00166762738418851  0.00159319212518258
62 0.00746417348867145  0.00284470158779629  0.0027167232652419
63 0.00604826758700546  0.00384614666203415  0.00368571544870533
64 0.00434543865961674  0.00450452235422548  0.00432562520950847
65 0.00253711302420011  0.00478791110247532  0.00460243232559683
66 0.000930394865050821  0.00471417237717015  0.00453150728641438
67 0.00130255984919558  0.00432785702461385  0.0041549370022882
68 0.002641659534519  0.00368869081098339  0.00353069812866862
69 0.00374923151929737  0.00286689936162347  0.00272815393992785
70 0.00450838769319472  0.00194560174967429  0.0018305469588358
71 0.00488386376219251  0.00104991784847383  0.000968400301035586
72 0.00487646358974796  0.00063170381125425  0.000634958088003174
73 0.0045178083392132  0.00116085514933051  0.00119033288506485
74 0.00386584659755754  0.0017981138922231  0.00181330144235459
75 0.00299781188697473  0.00228494362268446  0.00228484848299062
76 0.00200233418889101  0.00257229542489794  0.00256100946430426
77 0.000979656165711781  0.00265247489752138  0.00263523049299209
78 0.000321050862162704  0.00253860480771991  0.00252070888644449
79 0.00104262844403736  0.00225772793248944  0.00224409047727835
80 0.00177610154270874  0.00184669262719588  0.00184158972876077
81 0.00232682438356113  0.00135002279772157  0.00135695921298543
82 0.0026634146911312  0.000823348168933564  0.000844762616045129
83 0.00277881931953017  0.000386621103127495  0.000416213233832498
84 0.00268368820840475  0.000469410318016545  0.000452380626739953
85 0.00240367382638148  0.000847296159431286  0.000803362585646865
86 0.00197625052280212  0.0011775364269146  0.00112020962251924
87 0.00144684451964834  0.00140450231561724  0.00133941014554128
88 0.000865109377140631  0.00151457763889667  0.00144596422406546
89 0.00028891071139053  0.00150898839749899  0.00144048014031606
90 0.000306585329444391  0.00139875921228311  0.00133338270057513
91 0.000774222847352067  0.00120211612973634  0.00114223830239101
92 0.00115065074845156  0.000942516388763371  0.000889840297646008
93 0.00140990916493709  0.000647780710406936  0.000603516041198313
94 0.00154348533895139  0.000355637513376451  0.000322012288817182
95 0.00155337811960989  0.000188208332124064  0.000184677419180888
96 0.00145051069124628  0.000340117373486483  0.000353692999872095
97 0.0012530518297685  0.000545604097162346  0.000556451279421035
98 0.000984442290821652  0.000706239747082348  0.000713131046461217
99 0.000671378391613985  0.000804875762276987  0.000808732419790709
100 0.000342962981698265  0.000837992186485959  0.000840155941416578
101 7.68118751731694e-05  0.000808723588397  0.000810597495325352
102 0.000295764503100186  0.000724960433424226  0.000727863763215949
103 0.00053764878806522  0.00059815498275078  0.000603238766743734
104 0.000721023847399638  0.000442473199836473  0.000450652295654744
105 0.000836041378231206  0.000275310298917415  0.000287077492088306
106 0.000880392410031004  0.000130270929733659  0.000142922088246599
107 0.000857362303350639  0.000138293742705574  0.000130900165172198
108 0.000774885680001134  0.000257165933135111  0.000239394197075611
109 0.00064450981270165  0.000364729568438644  0.000342501938438076
110 0.000480247475232098  0.000440730691185464  0.000415858489796006
111 0.000297511681074985  0.000480203242646149  0.000453938585422698
112 0.000113787178236809  0.000482994198365305  0.000456451157494036
113 7.90161951332579e-05  0.000452098950492637  0.000426288539900018
114 0.000228654776188293  0.000392900184950898  0.0003686995191879
115 0.00035231867390989  0.000312566685169277  0.000290693600016486
116 0.000439526037732071  0.000219687991975924  0.000200749348265043
117 0.000486994289724687  0.000125348934143331  0.000110420816652624
118 0.000494922386179009  6.00376735440135e-05  5.74411620976142e-05
119 0.000466423437678933  9.76433458363188e-05  0.000105565526280163
120 0.00040698730615777  0.000163859942349436  0.000171150871011709
121 0.000323857023149983  0.000217285672088084  0.000223108626553189
122 0.000225368603907378  0.000251298274771909  0.000255948719664899
123 0.000120452670876172  0.00026441138041199  0.00026837895343962
124 2.39190706102787e-05  0.000257394241866778  0.00026119204507675
125 8.2773564194654e-05  0.000232603900771483  0.000236702787396194
126 0.000162220939873075  0.000193589673669448  0.00019838275966292
127 0.000223163495973495  0.000144793571524044  0.000150572243283266
128 0.000262414987870948  9.15984936014364e-05  9.84874608237199e-05
129 0.000279101785207386  4.3486405120481e-05  5.04800130800759e-05
130 0.000274130690883861  4.04634678222822e-05  3.79096560134867e-05
131 0.000249906765710919  7.82810336187136e-05  7.05693680600138e-05
132 0.000210009294908332  0.000113524610868106  0.000104155494864167
133 0.000158830019239814  0.000138935969105134  0.000128718503702939
134 0.000101228471292932  0.000152791846825743  0.000142169379320313
135 4.25758891057159e-05  0.000154946345835344  0.000144271358599139
136 1.98718638504704e-05  0.00014626743823171  0.000135845084930579
137 6.74343513621501e-05  0.000128395030414785  0.000118486318321741
138 0.000107868139769595  0.000103549889122115  9.43701748329368e-05
139 0.000136949683750606  7.44036539861502e-05  6.61414675096112e-05
140 0.00015349173241384  4.42968232578073e-05  3.73047944161647e-05
141 0.000157442911813065  2.09247880999989e-05  1.8284437351349e-05
142 0.000149691209668734  2.81001484293603e-05  3.17472145539949e-05
143 0.00013189578172114  4.89009827222971e-05  5.28817023065505e-05
144 0.000106292894632775  6.64368220116446e-05  7.00137357661177e-05
145 7.54882251211398e-05  7.8005910211026e-05  8.11769213039932e-05
146 4.22851380488361e-05  8.29828203474901e-05  8.58735821988245e-05
147 1.0457017603392e-05  8.15227724317257e-05  8.42899668450646e-05
148 2.29024828364749e-05  7.43083283638946e-05  7.71074125686277e-05
149 4.87118176931168e-05  6.24173890609359e-05  6.53858895248213e-05
150 6.88584865214068e-05  4.72231487310356e-05  5.04692313502471e-05
151 8.2194661295098e-05  3.03840373980159e-05  3.39619361184517e-05
152 8.8363244691405e-05  1.46091120708982e-05  1.82064818406214e-05
153 8.75848455448566e-05  1.1843746865516e-05  1.13160437888222e-05
154 8.0569033418416e-05  2.38369961489685e-05  2.0526977078191e-05
155 6.84134093294653e-05  3.54043904236851e-05  3.13776257665517e-05
156 5.24887234150643e-05  4.39152519536172e-05  3.95723177592607e-05
157 3.43239419189666e-05  4.87654070279947e-05  4.42867187191818e-05
158 1.55626396095327e-05  4.98721942190904e-05  4.53863984025729e-05
159 4.54609635789096e-06  4.74828627626343e-05  4.30949870170543e-05
160 1.96686723063573e-05  4.20969212883035e-05  3.78932281810125e-05
161 3.29197505130843e-05  3.44045442734666e-05  3.04536323962329e-05
162 4.26169443116966e-05  2.52403824284538e-05  2.16004815198358e-05
163 4.83462327671398e-05  1.56203238693099e-05  1.24032964825471e-05
164 5.00579392470838e-05  7.51966809677774e-06  5.80222879943646e-06
165 4.80048974934054e-05  8.01745069137346e-06  9.58930566327566e-06
166 4.26906375138985e-05  1.44381931316193e-05  1.64282571576667e-05
167 3.48087392078001e-05  2.01668535923006e-05  2.20783720442179e-05
168 2.51771021138843e-05  2.40713240529847e-05  2.58570984957416e-05
169 1.46809206437592e-05  2.58985666717695e-05  2.75830823977752e-05
170 4.4028538387788e-06  2.56714147424056e-05  2.72973881207767e-05
171 6.24668752833649e-06  2.35881434312483e-05  2.52015275412001e-05
172 1.4586505259308e-05  1.99771905879599e-05  2.16204329343219e-05
173 2.12158484168752e-05  1.52640820335851e-05  1.69715251957188e-05
174 2.57131504735899e-05  9.96373899854751e-06  1.17512933396089e-05
175 2.79402298811463e-05  4.87956081820247e-06  6.63332323088765e-06
176 2.79463087859522e-05  3.55992043164186e-06  3.60299799031004e-06
177 2.59391433803454e-05  7.33780154026016e-06  5.8909343713887e-06
178 2.22536520017659e-05  1.1113949638107e-05  9.34293243437167e-06
179 1.73159153336459e-05  1.39476738764247e-05  1.20554770210966e-05
180 1.1606249114994e-05  1.56278044974213e-05  1.36886473961018e-05
181 5.63747244454945e-06  1.61151488156676e-05  1.41760127256967e-05
182 1.07822008911767e-06  1.54774965767077e-05  1.35749698936942e-05
183 5.67589994086509e-06  1.38649134458178e-05  1.20286307082387e-05
184 1.00061397587791e-05  1.14901933212672e-05  9.74373547640846e-06
185 1.32319106099317e-05  8.61302078745914e-06  6.97669468660161e-06
186 1.52056915584368e-05  5.54331462654234e-06  4.05677167412997e-06
187 1.58992192036672e-05  2.79625834803346e-06  1.84001184818106e-06
188 1.53821517460629e-05  2.28173524448821e-06  2.9331472415404e-06
189 1.38059898111172e-05  4.18194882375569e-06  5.15105378378644e-06
190 1.13851122940884e-05  6.04345768212905e-06  7.01273250041983e-06
191 8.37585836292503e-06  7.35708490699475e-06  8.28733106724072e-06
192 5.05723165658959e-06  8.01773750341499e-06  8.91038549034832e-06
193 1.74671329251787e-06  8.02266532856143e-06  8.88914493451991e-06
194 1.64651120330703e-06  7.42861441559544e-06  8.2827711753045e-06
195 4.34286401077241e-06  6.33560235674148e-06  7.19069651184171e-06
196 6.52293017331999e-06  4.8758061476185e-06  5.74260868318392e-06
197 8.03463964967841e-06  3.21002994307604e-06  4.09260806297929e-06
198 8.82689771514919e-06  1.58307893065618e-06  2.43777962173003e-06
199 8.9091168612745e-06  1.08758574377606e-06  1.24774895243034e-06
200 8.34201388926663e-06  2.29673603251433e-06  1.66261438211623e-06
201 7.22787060523809e-06  3.52942236289481e-06  2.73426133587124e-06
202 5.69924874604291e-06  4.46925498679809e-06  3.6250008664561e-06
203 3.9072261223706e-06  5.04525050168763e-06  4.18523351809835e-06
204 2.01325692921893e-06  5.24155242170493e-06  4.3837271115557e-06
205 3.53962632413387e-07  5.07660028542353e-06  4.23376588242759e-06
206 1.62216935935572e-06  4.59545204115546e-06  3.77757217774871e-06
207 3.03208304887796e-06  3.86365478983407e-06  3.07857802561601e-06
208 4.10095136057839e-06  2.96198027548095e-06  2.216656141905e-06
209 4.77586027514894e-06  1.98556140342235e-06  1.29449903841105e-06
210 5.04372369678807e-06  1.07325174496595e-06  5.75812580680127e-07
211 4.92315108782754e-06  6.81945776737048e-07  9.20740575739522e-07
212 4.45939377620462e-06  1.18296609999723e-06  1.64229449366313e-06
213 3.71843593375081e-06  1.77745182969641e-06  2.25433792010681e-06
214 2.78039008485404e-06  2.21573612075688e-06  2.68204314008588e-06
215 1.73315202898463e-06  2.45099601600135e-06  2.90316684394519e-06
216 6.73148723979254e-07  2.47791178023269e-06  2.91822780662144e-06
217 4.16501094820038e-07  2.312023127794e-06  2.74444042073381e-06
218 1.28399021580291e-06  1.98345936977163e-06  2.41212221320823e-06
219 1.99970447869433e-06  1.53313188093278e-06  1.96149591716709e-06
220 2.50640384706989e-06  1.0114077453977e-06  1.44044248099957e-06
221 2.78536379991203e-06  4.95153610309423e-07  9.074687030139e-07
222 2.8374798865278e-06  3.40529023541182e-07  4.73445312970759e-07
223 2.68027389228389e-06  7.3695937234395e-07  4.66818245510482e-07
224 2.3448687650664e-06  1.13984684917223e-06  7.80109790112647e-07
225 1.8724480903396e-06  1.45088523391268e-06  1.06849601414672e-06
226 1.31049843767753e-06  1.64699315551269e-06  1.2587070614194e-06
227 7.09863920316282e-07  1.72218913008738e-06  1.3356095979425e-06
228 1.48142372774918e-07  1.68140018390858e-06  1.301344324575e-06
229 4.56804359604126e-07  1.53814807366833e-06  1.16811972114153e-06
230 9.15327088138198e-07  1.31264285171993e-06  9.55319616640592e-07
231 1.26873685884526e-06  1.03005407831909e-06  6.87880258013284e-07
232 1.49824386233602e-06  7.19766623794096e-07  3.98423383998895e-07
233 1.59842002763255e-06  4.20507298164416e-07  1.75740893835098e-07
234 1.57408062506282e-06  2.31269033793213e-07  3.01479928837333e-07
235 1.43869545939675e-06  3.26362797072532e-07  5.37373470778892e-07
236 1.21254907544182e-06  5.08980581610549e-07  7.3815571741756e-07
237 9.20661302912545e-07  6.53070261684636e-07  8.80903801084784e-07
