1 0.218170868236883  0.159630401466282  0.153851525337147
2 0.241752378058319  0.136739260398477  0.132131033688121
3 0.243533675322094  0.137276278780267  0.13016150315522
4 0.201861234985573  0.144947570475484  0.136695055983886
5 0.136349930604613  0.177125411517044  0.163413228819756
6 0.138678082728239  0.145043153859962  0.138522103957325
7 0.136042498592559  0.138165418835751  0.124214908951485
8 0.12686874622391  0.130279859825094  0.11849570988783
9 0.117188086005238  0.120075386629354  0.11213431467119
10 0.10726573416141  0.10938491417624  0.102433594645335
11 0.10842342019538  0.0932367919889636  0.0861249948867629
12 0.119574335088148  0.0692116161597518  0.0630037241066594
13 0.124147954739407  0.0461983974859036  0.0434277044997023
14 0.112430617222186  0.0449751509338223  0.0435258070309324
15 0.0886626794833004  0.058017528452966  0.0549525560466194
16 0.066612616251873  0.0644570013244432  0.0611879606687903
17 0.0552412908511549  0.0628160549441086  0.0601595281699119
18 0.049023612482755  0.0595593442116754  0.0569307376223689
19 0.0440282878808866  0.0565106665585347  0.0537242597600563
20 0.0426774869973804  0.0521216652942153  0.0493728248960506
21 0.0471853867736507  0.0451042609802879  0.0424969296991193
22 0.0555752672351379  0.0346444144747235  0.0322095212161504
23 0.062808762491945  0.0210904064692324  0.0189150244293601
24 0.0636658973034171  0.0117685637056937  0.0100353311674876
25 0.055988946668237  0.0203909948257863  0.0188860153268321
26 0.0430196049212392  0.0296823682781433  0.027916062360665
27 0.0311237025952027  0.0332590474784974  0.0317886891723748
28 0.0241221429326004  0.032933282237366  0.0319817433855558
29 0.0209489198268871  0.0312791456657069  0.0305760937792742
30 0.0203019261879344  0.0291002971266238  0.0283519167441921
31 0.0225736538436777  0.0259747778195015  0.0251020358642516
32 0.0270679308453484  0.02140848473029  0.0204751905480087
33 0.0317196236827532  0.0153558297309327  0.0144982107744024
34 0.0344274615543099  0.00887288338589843  0.00829767521396131
35 0.0337849405190092  0.00691294787415959  0.00677695350191171
36 0.0296008912352948  0.0115373035992453  0.0112645575813448
37 0.0230180572085588  0.0159080350929326  0.0153905398612494
38 0.015932480331515  0.018139918945737  0.0175065805234438
39 0.0102391479962893  0.0184659487739534  0.0178179056453559
40 0.00782100727028182  0.0175550587095317  0.0169210855625831
41 0.00935673899767389  0.0158266947420722  0.0152075569791605
42 0.0126510792377137  0.0133658350473889  0.0127775932192592
43 0.0159497412432705  0.0101826930211346  0.00966360603936729
44 0.0183265231052955  0.00649556646785361  0.00609989011178413
45 0.0191913126779859  0.00327394258293279  0.00310705047406315
46 0.0182894873931124  0.00389711048381085  0.00393001083999901
47 0.0157580951561469  0.0067421889037758  0.00668649540486563
48 0.0120691428099346  0.00901953954841492  0.00887818791842398
49 0.00787138846499415  0.0102569954099259  0.0100788998985938
50 0.00395771329655321  0.0104778366994504  0.0103032201425903
51 0.00270180820751354  0.00985989324018222  0.00970855415565041
52 0.00520348725973254  0.00859490247757351  0.0084724090317193
53 0.00783828686856949  0.00684313845584751  0.00675226186259252
54 0.00980405973436849  0.00476707110912504  0.00471350607035742
55 0.0108823181355234  0.00264682942763831  0.0026308708351417
56 0.010980152384486  0.00157474635623341  0.0015238622939184
57 0.0101252771357035  0.00284187281848931  0.00270739647873887
58 0.00847194471574604  0.00438798314508839  0.00420138811231178
59 0.0062718595945373  0.00549926238271273  0.00528094976125549
60 0.00382968909443716  0.00605248357086667  0.00582232559936337
61 0.00158620112380154  0.00606046442326263  0.00583396533141111
62 0.00164147791168723  0.00559518095435392  0.00538197408276115
63 0.00340655755734113  0.00475241028911515  0.00455805841964888
64 0.00490845038169156  0.0036387881040227  0.00346776963472291
65 0.00591746621117732  0.0023810812301175  0.00223948171921925
66 0.00636701853218473  0.00120393563948083  0.00111080326528679
67 0.00625165089932104  0.000987369228941521  0.00100589282179855
68 0.00562174292740221  0.00185194930132958  0.00187762789911585
69 0.00457777303847985  0.00268197311828825  0.00268508359621934
70 0.00325628467281278  0.00324391623789053  0.0032267837392757
71 0.00181735002206147  0.00349083386792104  0.00346098661974498
72 0.000568526847047714  0.00342970707265277  0.00339567608277645
73 0.00117079186198906  0.00309768091223381  0.00306755302943537
74 0.00224162260388577  0.00255066514018066  0.00253156244169345
75 0.00306393674705508  0.00185792517365493  0.00185584559332653
76 0.00356615518706543  0.0011076195968241  0.00112712811344256
77 0.0037293417437954  0.000503802494652131  0.000536107937254284
78 0.00356687112642134  0.000714934047992241  0.000688306287967111
79 0.00312015039699542  0.00126546278766785  0.00120647588025209
80 0.0024532188536699  0.00171344275231822  0.00163719212480098
81 0.00164514849408239  0.0019896997012038  0.00190428744483528
82 0.000783919311880418  0.00207948225007774  0.00199153520035008
83 0.000178648530305984  0.00199178678941457  0.00190679180145708
84 0.00085575674660363  0.00175177077133395  0.00167391220537932
85 0.001464436591266  0.00139596396575276  0.00132807749510001
86 0.00189604827701024  0.00096950078753207  0.00091324407873999
87 0.00212901923542873  0.000532337313201639  0.000489453929621622
88 0.00216232274873797  0.000267515883922065  0.000258089354629283
89 0.00201207369031161  0.000496568849005661  0.00050818653729867
90 0.00170856245983949  0.00080299031480495  0.000810539148908784
91 0.00129253220103596  0.00103286660763536  0.00103515839007622
92 0.000811392935282581  0.00116033413141686  0.0011589084462029
93 0.000321925373377845  0.00118153609638636  0.00117842870731685
94 0.000221559221699881  0.00110420211952755  0.00110147119321532
95 0.000615286035983919  0.000944404196764157  0.000943945825750905
96 0.00093934277490167  0.000724406302064361  0.000727842140038296
97 0.00115700993335184  0.000472009481686485  0.000480509731613518
98 0.00125852339274363  0.000231358062829849  0.000243938085848122
99 0.00124592034341447  0.000180869122590689  0.000175257196085354
100 0.00113086145159822  0.000358296505317058  0.000337603972105461
101 0.000932655392756649  0.000528194424569976  0.000500782187894903
102 0.000675989493945235  0.000646342001768391  0.000614734662891964
103 0.000388842646657541  0.00070308310254153  0.000669236085197422
104 0.000108422894749567  0.000698205642669531  0.000663992326194327
105 0.000191783065566655  0.000637585392376945  0.000604755069045082
106 0.000418219602637164  0.00053167959759648  0.000501747811911418
107 0.000591714883889413  0.000394385107031174  0.000368578472897246
108 0.000699866026381519  0.000242999062414771  0.000222518722941767
109 0.000739357696662423  0.000109485039961515  9.94258700842631e-05
110 0.000713263984483678  0.000121651641126837  0.000129958211190497
111 0.000629980623261057  0.000229676523964706  0.000237194682963603
112 0.000501991755959511  0.000321380093828867  0.000326327295277363
113 0.000344479035050634  0.000380135991143969  0.000383152552971148
114 0.000174204112744461  0.000402364187608741  0.000404382435911345
115 2.96187853181259e-05  0.000389233453502822  0.000391179067929561
116 0.000153890917829715  0.000345185887929969  0.000347865907601263
117 0.000278461908756848  0.00027710998935099  0.000281154260807993
118 0.000368606039706986  0.000193781257751634  0.000199598349175648
119 0.0004194887343633  0.000106803622282096  0.000114323742865811
120 0.000430523134422306  5.09660216659267e-05  5.41926440021274e-05
121 0.00040460169513657  9.6616990790018e-05  8.86181991013006e-05
122 0.000347462943841369  0.000159497699444561  0.000148337583353503
123 0.000266941965565383  0.000207473286157325  0.000194761217931069
124 0.000172199459771579  0.000235233419217004  0.000221709379708826
125 7.36048866470678e-05  0.00024177280541058  0.000228028022262445
126 3.32724733864461e-05  0.000228385606931841  0.000214947982033953
127 0.000113062902128414  0.00019807557398871  0.000185409546878819
128 0.000180025070898012  0.000155136991935826  0.000143635021290253
129 0.000226005503263697  0.000104915838416972  9.49376691351013e-05
130 0.000248860273339113  5.49094190268543e-05  4.73485318578042e-05
131 0.000248806964136785  3.16086456240767e-05  3.29858038909963e-05
132 0.000228007520605223  6.24887920807344e-05  6.6904863615309e-05
133 0.000190176307557408  9.69427811707926e-05  0.0001007212773779
134 0.000140126994555926  0.00012174530374022  0.000124730590533909
135 8.33247462734471e-05  0.000134472450872954  0.00013689225158035
136 2.61962383229548e-05  0.000134896093514624  0.00013706039463111
137 3.23351194028882e-05  0.000124064663666791  0.000126287983360778
138 7.84884782985249e-05  0.000103974030505704  0.000106536186591765
139 0.000114348236420269  7.73314518745796e-05  8.04525244323354e-05
140 0.000137323760582521  4.7527963554058e-05  5.13285873593033e-05
141 0.000146644938634953  2.0864009421182e-05  2.46778294012999e-05
142 0.000142816743201334  2.40717921532758e-05  2.19700039239271e-05
143 0.000127415846830787  4.63401629238433e-05  4.18938323955215e-05
144 0.000102849893922635  6.52670616393004e-05  6.00144127943775e-05
145 7.20838438522245e-05  7.76876615112809e-05  7.20447384178055e-05
146 3.84037849733702e-05  8.2856136043284e-05  7.70832791012193e-05
147 7.20043625680555e-06  8.0942330661233e-05  7.52497148600074e-05
148 2.7417314288904e-05  7.27662637609363e-05  6.73275960830681e-05
149 5.28011888972131e-05  5.96424344667477e-05  5.4595060649462e-05
150 7.15442262299672e-05  4.32592976392445e-05  3.87110386118428e-05
151 8.25594188853772e-05  2.57394188074183e-05  2.18506918485174e-05
152 8.56392196582042e-05  1.1672442282685e-05  1.00087687783061e-05
153 8.12803882882115e-05  1.5982856074845e-05  1.79097825393001e-05
154 7.05611923947571e-05  2.82272331156494e-05  3.03157472823671e-05
155 5.49948067600557e-05  3.81355788356892e-05  3.99988308432449e-05
156 3.63720914169536e-05  4.41560787643623e-05  4.58048606738035e-05
157 1.66767362729978e-05  4.59726040529376e-05  4.74855607417564e-05
158 4.82035736605847e-06  4.37827106651948e-05  4.525414471623e-05
159 2.06910532324231e-05  3.8144373435134e-05  3.96661025142862e-05
160 3.44527785168779e-05  2.98853888959209e-05  3.15365236658719e-05
161 4.41031875732391e-05  2.00516771277026e-05  2.18871172058734e-05
162 4.91687182869533e-05  1.01338518221909e-05  1.20921253753148e-05
163 4.96495005712885e-05  6.0496827400872e-06  6.2484194581461e-06
164 4.59387052423282e-05  1.29124598129871e-05  1.11754249052574e-05
165 3.87469304108167e-05  2.00657853556212e-05  1.78783801170951e-05
166 2.90128751431106e-05  2.5257241179788e-05  2.28760581328864e-05
167 1.78114424571301e-05  2.80379025051611e-05  2.55756720735001e-05
168 6.35069143923682e-06  2.83529796504836e-05  2.58929878679494e-05
169 5.31910118399257e-06  2.63955283470928e-05  2.40072364888529e-05
170 1.46592688298981e-05  2.25479546118175e-05  2.02883066245523e-05
171 2.20461937124053e-05  1.7335181355759e-05  1.52492011107551e-05
172 2.69054126366372e-05  1.14031331859969e-05  9.53775019429268e-06
173 2.90560485789599e-05  5.71181603117925e-06  4.31381934556369e-06
174 2.85734596165393e-05  3.93414979112246e-06  4.52559742401973e-06
175 2.57496981983716e-05  7.77089257834476e-06  8.82981936862964e-06
176 2.10469349072178e-05  1.15824076923692e-05  1.25986969491783e-05
177 1.5043658025616e-05  1.42022024421096e-05  1.51383152421911e-05
178 8.38508461335403e-06  1.54063164059956e-05  1.62808478665274e-05
179 1.93991001290369e-06  1.51998725045711e-05  1.60432431608253e-05
180 4.81122290316373e-06  1.37282820117652e-05  1.45718809159808e-05
181 9.97733519981985e-06  1.12406829046725e-05  1.2112209090083e-05
182 1.38650186899655e-05  8.06480897621274e-06  8.98466067573002e-06
183 1.62320779968315e-05  4.62221408335736e-06  5.58782397339215e-06
184 1.70196972627104e-05  1.97890767225853e-06  2.65790247119093e-06
185 1.63115114495628e-05  3.42908749179683e-06  2.80870848679445e-06
186 1.43097734888397e-05  6.03035072629096e-06  5.09513213607611e-06
187 1.1306750027949e-05  8.09858291118195e-06  7.06733001142304e-06
188 7.65315168085072e-06  9.38362577585081e-06  8.31363076561546e-06
189 3.73499462527948e-06  9.82563414266366e-06  8.74977656616968e-06
190 7.09176087250815e-07  9.45954697463612e-06  8.40329964331123e-06
191 3.75787494057921e-06  8.3913215603618e-06  7.37561176551692e-06
192 6.57710788317805e-06  6.78116213702131e-06  5.8229225825284e-06
193 8.5939097382899e-06  4.83080560269969e-06  3.94553983739599e-06
194 9.7037924303495e-06  2.79726680161853e-06  2.0282104266374e-06
195 9.8978815895771e-06  1.30165507212691e-06  1.16764255846766e-06
196 9.24669171786629e-06  1.99313323625028e-06  2.47860434088768e-06
197 7.88553955493711e-06  3.37246555337799e-06  3.89456941785081e-06
198 5.99703411873627e-06  4.44449815719875e-06  4.94195204788454e-06
199 3.79258328605264e-06  5.05590955511121e-06  5.52622479822453e-06
200 1.50550764276484e-06  5.18037820362573e-06  5.63187161282658e-06
201 8.41863429824547e-07  4.84884773969608e-06  5.29230530464268e-06
202 2.7208543006991e-06  4.1326069035833e-06  4.57846901757316e-06
203 4.23923998876341e-06  3.13297306638837e-06  3.58975529493158e-06
204 5.26306177605921e-06  1.97777881169029e-06  2.44890463123486e-06
205 5.75027671310936e-06  8.82948559614556e-07  1.32620388315448e-06
206 5.71060815129169e-06  8.59458802541254e-07  7.58033445434298e-07
207 5.1976638776021e-06  1.76041695621462e-06  1.36520175550589e-06
208 4.29991676509098e-06  2.55924969642531e-06  2.10441768678837e-06
209 3.13013296168102e-06  3.11011248862056e-06  2.63508415690118e-06
210 1.81512574025627e-06  3.37648551642061e-06  2.89703861538021e-06
211 5.0866164027689e-07  3.35915140527192e-06  2.88560524689167e-06
212 8.29145090798482e-07  3.08544466012067e-06  2.62572934849344e-06
213 1.87853022283317e-06  2.60327363043867e-06  2.16360738159432e-06
214 2.68289783986085e-06  1.97600321554731e-06  1.56154257171331e-06
215 3.18834281313763e-06  1.28099240480206e-06  9.00733959997713e-07
216 3.37971732663441e-06  6.39239833767244e-07  3.86710452929432e-07
217 3.27066941406456e-06  4.94882153185828e-07  6.67364366137684e-07
218 2.89899853391403e-06  9.29503064952187e-07  1.18148023630176e-06
219 2.32108371272298e-06  1.34433991649319e-06  1.59600289779461e-06
220 1.60560293357858e-06  1.61827621626242e-06  1.86037214664496e-06
221 8.28261854545235e-07  1.72824636004599e-06  1.9613679878377e-06
222 1.36202215922842e-07  1.67725119995924e-06  1.90437135617505e-06
223 6.75130443433532e-07  1.48421046122589e-06  1.70880766787746e-06
224 1.2511245375293e-06  1.17967680614712e-06  1.40492698877869e-06
225 1.67117166677026e-06  8.03324667972542e-07  1.03121317544916e-06
226 1.91218076620573e-06  4.10451578345777e-07  6.3555877272236e-07
227 1.97054556521584e-06  2.20499229652483e-07  3.10351548068331e-07
228 1.858695981529e-06  4.97819075056868e-07  3.43936979445834e-07
229 1.60227660674964e-06  7.97051464667497e-07  5.95955556321039e-07
230 1.23672417736983e-06  1.02160813348384e-06  8.08233140635695e-07
231 8.03574874546833e-07  1.15201944383835e-06  9.35518349886873e-07
232 3.48350835750452e-07  1.184324351582e-06  9.69393781455286e-07
233 1.27084205820586e-07  1.12448920661262e-06  9.14391299694458e-07
234 5.01928564191531e-07  9.86240143405384e-07  7.83442922537316e-07
