1 0.233754501682374  0.171032572999588  0.164840920004087
2 0.262518699097068  0.151575769517446  0.146124382521313
3 0.264692947806017  0.16509949449487  0.155205703203647
4 0.210428224642674  0.169996663128201  0.158431193410874
5 0.143145721901931  0.206551084106261  0.194317388153116
6 0.161233311711696  0.156132359483586  0.145611315053221
7 0.15128723228841  0.155296771314375  0.136325618218193
8 0.139943026410351  0.143115932565496  0.131011535032079
9 0.126766385146091  0.13069580136988  0.121898253734912
10 0.119959435455236  0.11543409302461  0.106815239492255
11 0.130863441907208  0.0901820687658343  0.0816819619586307
12 0.14125843171027  0.060013562479015  0.0550789463517956
13 0.13052061343436  0.0531200090995809  0.0509251727245416
14 0.100988691833979  0.0689112832868607  0.0646766023566578
15 0.0745801451937042  0.0758367029074133  0.0715578318623453
16 0.065279510330374  0.0715166448937512  0.0683181278848453
17 0.0596844867970019  0.0673567336760946  0.0639317565906209
18 0.053624425840911  0.0641803146393615  0.0605090952271539
19 0.0524562228973017  0.0587331109675366  0.0552373573771261
20 0.0586558800562922  0.0495561880779956  0.0462805887187548
21 0.0687444154494806  0.0356598512315664  0.0325591126848046
22 0.0750329804732149  0.0192637666343665  0.0165208764249672
23 0.0701422423608614  0.0199730177160877  0.0180604240188713
24 0.0542687565089637  0.0338017553063509  0.0313704615443249
25 0.0377366858299086  0.0399204692078644  0.0376533726353952
26 0.0301912805336429  0.0389158968944823  0.0375402279948339
27 0.028034470067073  0.0363019608749249  0.0354030449840378
28 0.0267377543580626  0.0339670891802491  0.0329380580840216
29 0.0281225433933788  0.0306601882867907  0.0293992489836064
30 0.0328969607204385  0.0252856977691215  0.0239358180543249
31 0.0383749009730394  0.0177465554873257  0.0165171069536928
32 0.0411797334519191  0.0100403134298689  0.0092860344344199
33 0.039010101568757  0.0103928715458403  0.0101958061040236
34 0.0318936845335345  0.0169193019594858  0.0164240412627655
35 0.0224958037310784  0.0212690459746754  0.0205007996085942
36 0.0146999861730842  0.0223055167154806  0.0214891693431034
37 0.011336539603287  0.021289137810369  0.0205093377022379
38 0.0121026639977058  0.0193799988051329  0.018611647424984
39 0.0150820620513849  0.0167446466913546  0.0159897295422993
40 0.0188465223331793  0.0131159524181668  0.0124332878505494
41 0.0219943785683922  0.00857554081867653  0.00804847790925774
42 0.0232921320449645  0.00440626338107399  0.00417013476884764
43 0.0220716598800117  0.00527730775692255  0.00527099572860984
44 0.0184534998665089  0.00901723655452358  0.00887783497614336
45 0.0132824448125635  0.0117631887966572  0.011517804474362
46 0.0078189907567761  0.0129058127073409  0.0126418284116468
47 0.00403003607133915  0.0126470305488696  0.0124195616424896
48 0.00532156918242082  0.0113883881334421  0.0112053624770068
49 0.00859920248194313  0.00943251923799374  0.00928172400196409
50 0.0114179315936431  0.00695702598995182  0.00683489231650385
51 0.0132357044420517  0.00420666247575176  0.00411871945234833
52 0.0137601778565868  0.00217212412670822  0.00207535976812319
53 0.0128845956008167  0.00332431682882265  0.00315447235068684
54 0.0107616608767462  0.00544924777630866  0.00521331319581719
55 0.00778607891746146  0.00699205775200498  0.00671281725503668
56 0.00450549818066585  0.00769546302298482  0.0074054686264469
57 0.00189386387367396  0.00759833322019423  0.00732151989105987
58 0.00287084877947425  0.00684991836868556  0.00659580536898823
59 0.00510653760350153  0.0056174870875121  0.0053870559826518
60 0.00687768903821931  0.0040619626783539  0.0038572106780792
61 0.00793710389930871  0.00239244350667835  0.00222481811361587
62 0.00819374260978209  0.0012430181617674  0.00118216339404034
63 0.00764840163846068  0.00196560387184585  0.00199682476457005
64 0.0064054274493747  0.00318930255400965  0.00319709898141902
65 0.00466297294262988  0.00409654321724772  0.00407156973330433
66 0.00268521930947168  0.00454007643125308  0.00449222914641386
67 0.000944586359244278  0.00451334879634558  0.00445649250537365
68 0.00159952988321062  0.00407444841470592  0.00402185367119797
69 0.00305797397911414  0.00331379368816308  0.00327686473034493
70 0.00416837585960331  0.00234041612335793  0.00232878088536979
71 0.00480679005566646  0.00130009423384487  0.00132114318303079
72 0.00494043219588771  0.000648022796117951  0.000672729275314488
73 0.00459011976865601  0.0012212831080287  0.00117224814856973
74 0.00382679858772658  0.00197893801338677  0.00189313837062286
75 0.00276333743110971  0.00252346456910623  0.0024176813737176
76 0.00153983697068747  0.00278510231926521  0.00267168452983795
77 0.000354428691112097  0.00275946796420788  0.00264856357773563
78 0.000921082399816426  0.00247888015978048  0.00237786496125177
79 0.0018598351992378  0.00199953927904076  0.00191280216528012
80 0.00253926089862993  0.00139373744888156  0.00132300129216682
81 0.00291284489585909  0.000757632547197537  0.00070297732097686
82 0.00297318026568319  0.000384219051571161  0.000364973298274
83 0.00274372556757998  0.000742105203964038  0.000747449023426461
84 0.00227428859172892  0.00118547616071039  0.0011861461103634
85 0.00163477424281652  0.00149961467229733  0.0014942886284247
86 0.000909334572532713  0.00164806904577228  0.00163886753295672
87 0.000247431702992537  0.00162892458950743  0.00161852586935512
88 0.000588297997166213  0.00146002162493141  0.00145106012548162
89 0.00113821869443941  0.00117322626226621  0.00116812379403549
90 0.0015397065888908  0.000811101613777034  0.000811914590016191
91 0.00175944118999357  0.000433273379608712  0.000440662978851391
92 0.00179190931309341  0.000236716737188565  0.000234500657415553
93 0.0016509176079228  0.00046963728975238  0.000446829832185235
94 0.00136603511779799  0.000737485487805331  0.00070441901042886
95 0.000978540761616762  0.000926425406199047  0.000886297749670117
96 0.00053758619465806  0.00101524806368853  0.000971045084163392
97 0.000124688167999524  0.00100228761429591  0.000957230585424439
98 0.000355924238926779  0.000897755439561673  0.000855011095611094
99 0.000692797779986258  0.000720700285489544  0.00068304125023222
100 0.000935757112943818  0.000496941018531609  0.000466610108068486
101 0.00106670504732697  0.000261717912377231  0.000241523418853403
102 0.00108295210706534  0.000131146072164173  0.000135305384121139
103 0.000993574092037494  0.000275490140313  0.000284000620292637
104 0.000817214030240541  0.000438449550475118  0.000442312839010948
105 0.000579429805194208  0.000551260930897957  0.000551624172723117
106 0.000310050266113713  0.000602340511217501  0.000600981392286336
107 5.69433969858999e-05  0.000591548796944979  0.000590157503253835
108 0.000223658093249421  0.000525801082769932  0.000525759492957179
109 0.000426573309062446  0.000417242334347105  0.000419523006107722
110 0.000570446016083625  0.000282077117318725  0.000287165465220847
111 0.000646028371274367  0.000143379972989588  0.000150600751331893
112 0.000652546259756533  8.60205257120035e-05  8.32865466526417e-05
113 0.000596095866787336  0.000180572799073819  0.000168399892853866
114 0.000488292490095067  0.000277100531084041  0.000261811626615715
115 0.00034469289885903  0.000343018084840999  0.000325962778389303
116 0.000183545583610899  0.000372105616639971  0.000354203472241744
117 4.13731575884752e-05  0.000364424468377792  0.000346528123601906
118 0.000140490658984264  0.000324078037711151  0.000306992954776377
119 0.000260577177100325  0.000258221060962996  0.000242678788142587
120 0.00034594149068948  0.000176411975004377  0.000163083342512794
121 0.000390464606160225  9.20335587758466e-05  8.21124716354013e-05
122 0.000393522400338296  5.09566092809086e-05  5.24167043645228e-05
123 0.000358686969317108  0.000104302728580397  0.000109072400149622
124 0.000292889565794088  0.000162171867384558  0.000165523121196488
125 0.00020545518854628  0.000201813460286236  0.000203753421884367
126 0.000107209052476897  0.000219130833112908  0.000220181951145308
127 1.85293758815667e-05  0.000214090788273307  0.000214890221638465
128 8.62988514018175e-05  0.000189192589362378  0.000190359900233585
129 0.000159280463444764  0.000148835501715024  0.0001508926971837
130 0.000210494082277412  9.89152242943448e-05  0.000102232696065718
131 0.000236674595006824  4.79882910701684e-05  5.25364955181026e-05
132 0.000237619306214692  3.11997473216972e-05  3.07165049211889e-05
133 0.000215645247332287  6.83674614658518e-05  6.31257919290106e-05
134 0.000175091359333939  0.00010356172726879  9.68404306609209e-05
135 0.000121716976806897  0.000126997045092422  0.000119565435933526
136 6.2159630430438e-05  0.000136731968566933  0.000129068081041945
137 1.07198634584617e-05  0.000132961195709521  0.000125447566369605
138 5.42861355870223e-05  0.000117331746090748  0.000110272765440584
139 9.78004658772777e-05  9.25890851283371e-05  8.62096687214627e-05
140 0.000128042968378899  6.2344523494834e-05  5.68079343115479e-05
141 0.000143171969875574  3.17429499846481e-05  2.74313432599103e-05
142 0.000143159655856023  1.93253240062434e-05  1.99452165399038e-05
143 0.000129466636996695  3.95970715094685e-05  4.17367798070624e-05
144 0.000104739260153786  6.02190890926339e-05  6.20354581093797e-05
145 7.24562113787445e-05  7.40202286715432e-05  7.54367531207661e-05
146 3.66502058762906e-05  7.96794843385341e-05  8.0823138530348e-05
147 7.45898296445394e-06  7.72765922610199e-05  7.83225611300603e-05
148 3.37297785921355e-05  6.77801753719774e-05  6.89099005690785e-05
149 5.9700942534737e-05  5.28248688157779e-05  5.42029460369072e-05
150 7.77045054210046e-05  3.45845242126333e-05  3.63363598609646e-05
151 8.65978022108169e-05  1.63642123299306e-05  1.84129684572744e-05
152 8.63589949516081e-05  1.22728401879534e-05  1.17393137004018e-05
153 7.78708385813541e-05  2.60812902724665e-05  2.376564721557e-05
154 6.27360628655583e-05  3.86722623759414e-05  3.57888844550741e-05
155 4.30591655472213e-05  4.6925450587944e-05  4.37539586612537e-05
156 2.12485065066419e-05  5.01787741945404e-05  4.69008926654774e-05
157 3.57502887059648e-06  4.85226468567734e-05  4.52945948845971e-05
158 2.08593785250105e-05  4.25720926066013e-05  3.9527024950643e-05
159 3.65322417716179e-05  3.33415458247737e-05  3.05845196417938e-05
160 4.72669245269316e-05  2.21617618108217e-05  1.97777077124386e-05
161 5.24458166640621e-05  1.09523498123093e-05  9.17633560513142e-06
162 5.20937925012416e-05  7.07310944398907e-06  7.68222874709066e-06
163 4.67764878370093e-05  1.48114004963231e-05  1.59156640398889e-05
164 3.74889560557985e-05  2.22584936851785e-05  2.32202787067471e-05
165 2.55224627037006e-05  2.71210978236811e-05  2.79353861296582e-05
166 1.23546156811843e-05  2.89770024081622e-05  2.97027237531451e-05
167 2.55719683872805e-06  2.78909577107375e-05  2.85961678506283e-05
168 1.30379706415952e-05  2.42459988108978e-05  2.49932871973328e-05
169 2.23687672135075e-05  1.86630100326165e-05  1.9502486982748e-05
170 2.87130933075542e-05  1.19594246160803e-05  1.29194838832095e-05
171 3.17097620963913e-05  5.4491708611275e-06  6.42547366461819e-06
172 3.13858280387245e-05  4.87287860882493e-06  4.43856818573996e-06
173 2.8090599535197e-05  1.00168676974275e-05  8.91794392048435e-06
174 2.24279685425865e-05  1.45017267641438e-05  1.32126647611753e-05
175 1.51772886936466e-05  1.73746034639314e-05  1.59959793291379e-05
176 7.23230024126125e-06  1.84251762344649e-05  1.70176136670467e-05
177 1.68770477541327e-06  1.77026755531804e-05  1.63173910483554e-05
178 8.06821790368408e-06  1.54413118518622e-05  1.41230917793105e-05
179 1.36561683497192e-05  1.20163962586915e-05  1.08030148922656e-05
180 1.74334016261855e-05  7.91705317380129e-06  6.84481090768111e-06
181 1.9185041939315e-05  3.86526487502586e-06  3.07041303717299e-06
182 1.8930907509484e-05  2.67868770996904e-06  3.03454438293648e-06
183 1.68858566558296e-05  5.52190874137987e-06  6.08873694114419e-06
184 1.34185667104224e-05  8.18661085791847e-06  8.69974152500086e-06
185 9.0026535252095e-06  9.8970500834164e-06  1.03494096408853e-05
186 4.1751853904189e-06  1.0507913250496e-05  1.09215139966178e-05
187 1.00468422082233e-06  1.00485018770762e-05  1.04507563715692e-05
188 4.99856468912451e-06  8.66363493386337e-06  9.08049758389681e-06
189 8.3524729329737e-06  6.58450377976733e-06  7.03694659021197e-06
190 1.05951096530935e-05  4.11493766301125e-06  4.61442548086308e-06
191 1.16078926045705e-05  1.7736498515724e-06  2.25883017784517e-06
192 1.14099597177529e-05  1.90451374604794e-06  1.66678958102687e-06
193 1.01369221880726e-05  3.83424633748576e-06  3.32230495432159e-06
194 8.01583797300947e-06  5.4437879847717e-06  4.85907732866938e-06
195 5.33573272289358e-06  6.447757584972e-06  5.83371678152691e-06
196 2.42576753942307e-06  6.78194416921651e-06  6.16297522171114e-06
197 7.16915218668859e-07  6.47178904632874e-06  5.86676162638423e-06
198 3.10733797008559e-06  5.60845870195087e-06  5.0326118895705e-06
199 5.10583068549913e-06  4.33316778459805e-06  3.7985518341304e-06
200 6.43271139455327e-06  2.82813556649385e-06  2.3470613094903e-06
201 7.01814246247188e-06  1.36920809602722e-06  1.01229047028049e-06
202 6.87566612694926e-06  1.02658566027607e-06  1.2047464590692e-06
203 6.08857897007396e-06  2.06033116528046e-06  2.33509761018976e-06
204 4.79473065874752e-06  3.00656716259455e-06  3.2671120487602e-06
205 3.16881491969062e-06  3.6021674217857e-06  3.84153690241005e-06
206 1.40949891701662e-06  3.79782514064431e-06  4.0220271016667e-06
207 4.6499627487331e-07  3.60672880546688e-06  3.82469529005993e-06
208 1.91887627361914e-06  3.08347446359316e-06  3.30427178458414e-06
209 3.11620969085938e-06  2.31360878760929e-06  2.54497438444099e-06
210 3.90493854138888e-06  1.40977984902045e-06  1.65570509727921e-06
211 4.24455938171679e-06  5.82522564002353e-07  8.05079653691454e-07
212 4.14460138717835e-06  7.55993128008172e-07  6.29916467735247e-07
213 3.65665633949562e-06  1.46806133045402e-06  1.2321111488452e-06
214 2.86510851769036e-06  2.04403267921026e-06  1.77960123323957e-06
215 1.87625486812551e-06  2.39501589310661e-06  2.11993348304166e-06
216 8.10120222296849e-07  2.50059593190735e-06  2.22472385892838e-06
217 3.02234466106448e-07  2.37187802014629e-06  2.10272761456335e-06
218 1.18858757081177e-06  2.0436050753042e-06  1.78712756330022e-06
219 1.9048532999069e-06  1.56853578411769e-06  1.32933691743322e-06
220 2.37191024178851e-06  1.01433510495838e-06  7.97568054172843e-07
221 2.56706648966807e-06  4.85286457521553e-07  3.30899019083877e-07
222 2.4973780852193e-06  3.85825630728121e-07  4.79389354446623e-07
223 2.19503097553501e-06  7.63453291276619e-07  8.96458301180296e-07
224 1.71170652830286e-06  1.10059208084194e-06  1.22935142562385e-06
225 1.11205298299992e-06  1.3078843927426e-06  1.42916011286953e-06
226 4.69525453022507e-07  1.36904089877283e-06  1.48474147789784e-06
227 2.04548783616826e-07  1.29013175653621e-06  1.40326344331631e-06
228 7.35357072072962e-07  1.09207866104882e-06  1.20566418908561e-06
229 1.16261132539575e-06  8.06881130038905e-07  9.23399169368201e-07
230 1.4390663282632e-06  4.76839146631527e-07  5.96877080330369e-07
231 1.55143303982715e-06  1.91930950268096e-07  2.89824184384159e-07
232 1.50439536329219e-06  3.04567576020197e-07  2.37554408345654e-07
233 1.31772188613157e-06  5.64817189540959e-07  4.54750955704242e-07
234 1.02284128345325e-06  7.69710430677235e-07  6.49147741880909e-07
235 6.58891232841214e-07  8.91464667883019e-07  7.67443886312942e-07
