1 0.249338135127866  0.182434744532893  0.175830314671026
2 0.28395738779385  0.167978127597928  0.16157894759691
3 0.286943570597996  0.200149013071175  0.186702122352655
4 0.218189129058042  0.201569733808671  0.183887381180634
5 0.159770079559858  0.228595664955272  0.219270230341235
6 0.185513727452047  0.174997952209645  0.156960438187731
7 0.167259317965749  0.174023532288793  0.152141754559579
8 0.153371555542526  0.157382413489088  0.144845776701825
9 0.13785936898196  0.142271616703607  0.131811782211122
10 0.140316140039093  0.119306987676197  0.108330703708191
11 0.157861249430614  0.0836539317715798  0.0748548665459482
12 0.15450081002154  0.0632457764365734  0.0596474579736939
13 0.120603369329092  0.0801037321896406  0.0744981381063037
14 0.0861395279045637  0.0900242429628417  0.0840894227106799
15 0.0792029644173838  0.0822800431721494  0.0783242581448182
16 0.0742337568169744  0.0770821218942901  0.0725009774773677
17 0.0658098714362261  0.0743492231155162  0.0693671310345212
18 0.0639699327276404  0.067928040479802  0.0633838065621358
19 0.0711492702363045  0.0568275947635561  0.0525795355024509
20 0.0827914526148137  0.0396669106191825  0.0355160869982945
21 0.0877039164580296  0.0223034834089161  0.0188889220856271
22 0.0751440575908714  0.0328350717987137  0.0300156999122403
23 0.0507345052541356  0.0472786898521932  0.0437003816136428
24 0.0374953547151358  0.0477708205458228  0.0452536186818159
25 0.037718778531678  0.042867732282527  0.0416177550621744
26 0.0359820480553241  0.0402538918797696  0.0389079582896519
27 0.034490320902984  0.0376924922954776  0.0358822036800823
28 0.0382683979086887  0.0322748772113697  0.0303075610852947
29 0.0448984566675795  0.0236223157023435  0.0217795314793193
30 0.0490360149519722  0.0139282685125435  0.0126742775380927
31 0.0463667539671993  0.0137749825525168  0.0134294819699887
32 0.0362902002867151  0.0221269724511457  0.0214037559730687
33 0.0237582844945417  0.0268218668071985  0.0257551094494242
34 0.0166264185549458  0.0265525672765481  0.0255160820381618
35 0.0162406026599158  0.0242825470800524  0.0233217752757063
36 0.0177216744679775  0.0218388020425074  0.020850380201762
37 0.0206866661017649  0.0185857834493604  0.0176197578528075
38 0.0248128195282192  0.0137116391997796  0.0129010610323867
39 0.0278135702307048  0.00785763025601031  0.00733322093499417
40 0.0276650858796541  0.00571368632434036  0.00560221856278355
41 0.0237430945771434  0.0102160942387721  0.0100106075665792
42 0.0170598945136275  0.0142843816584653  0.0139063294344665
43 0.0099081386303474  0.0159286595333072  0.0155294430705539
44 0.00589321277880977  0.0154370101732149  0.0151232443851545
45 0.00785162617782864  0.0136852048721174  0.0134486430846691
46 0.0114568973972413  0.0112345802363953  0.0110183030395681
47 0.0146006939534899  0.00820036035924158  0.00798380210738381
48 0.0166123743213888  0.00482410843863293  0.00461959668440475
49 0.0168964126519521  0.00303289445794931  0.00280941292028642
50 0.0151736769125846  0.00529021221343635  0.00502607827619514
51 0.0117330391428081  0.00793103038542871  0.00758901188608118
52 0.00739161932411595  0.00945837073505612  0.00908199183091214
53 0.00347385136741574  0.00970775744587641  0.00935064003107199
54 0.00336837447773581  0.00893193215690338  0.00861531141296347
55 0.00607655647596002  0.00746623625120569  0.00717932364824276
56 0.00844027720869906  0.00556173137148408  0.0052899309431102
57 0.00995941613029232  0.00345510191269693  0.00320731159059081
58 0.0104332285955923  0.00188130279422826  0.00175189823776075
59 0.00976623247540665  0.00263928491085259  0.00266826297123872
60 0.00805163759309351  0.00426447372725256  0.00426843661495798
61 0.00559829426938418  0.00545210885327481  0.00540502956121499
62 0.00289843187218316  0.00593882579146695  0.00585680923581689
63 0.00132046156758388  0.00573482263054643  0.00564232419937743
64 0.00296986484384276  0.00496748979618219  0.00488622532246043
65 0.0047598426545897  0.00380077007519989  0.00374785585541016
66 0.00597552472524293  0.00241513511542119  0.00240463590896007
67 0.00649460343675629  0.00115054506438328  0.00118475478466137
68 0.00628706974714236  0.00128992162542152  0.00125724695288509
69 0.00540589220566827  0.0023684160333656  0.00226794731145353
70 0.00399551449469422  0.00324187562323476  0.00310519930481734
71 0.00227541649567856  0.00369998192009897  0.00354987922752069
72 0.000563514072337378  0.0037099084293596  0.00356513785750428
73 0.0012793604686409  0.00332066974656341  0.00319351050944319
74 0.00261102411522348  0.00262860519078099  0.002523995049342
75 0.00354339298124645  0.00175638880763553  0.00167290827551288
76 0.00400764411591098  0.000879322543037673  0.000809904027974792
77 0.00399768129084122  0.000632552081910441  0.000603081847844101
78 0.00355669370483784  0.00125804719826991  0.00124861583435604
79 0.00277269235775825  0.00184360501358752  0.00183072677218159
80 0.00177054271942047  0.00220057544972415  0.00218318148631939
81 0.000720509110970326  0.0022934591801399  0.00227369331156426
82 0.00055319060816865  0.00213544995621329  0.00211579226357231
83 0.00138499525917664  0.00177090106896036  0.00175371289346207
84 0.00204572615700582  0.00126548246169704  0.00125308823570538
85 0.00243333656257333  0.000709698965248477  0.000703474758405313
86 0.00252666487744648  0.000356715565619935  0.000346467024325494
87 0.0023407047107627  0.00065660403700358  0.000630161937036175
88 0.0019199478137507  0.00105671700824701  0.00101646724826741
89 0.00133232223666586  0.00133628692046695  0.00128427075626829
90 0.000664281518245632  0.00145525773192215  0.00139582186460963
91 0.000178950672811671  0.00141048351696714  0.00134946865420171
92 0.000681180485650623  0.00122106834890726  0.0011646171509702
93 0.00115549068841902  0.00092249394074724  0.000876002257722472
94 0.00146482418575779  0.000563758713780942  0.000531692109810306
95 0.00158643216887735  0.000234952940785178  0.000226827906100784
96 0.00152339771340135  0.00030106475229506  0.00031197120007979
97 0.0012994337691401  0.000572622628178376  0.000574434974899311
98 0.000954423787174286  0.000779709718535077  0.00077495380498236
99 0.000539271737821775  0.00088640934692465  0.000878856163029236
100 0.000124441306381213  0.000887502288672167  0.000880396192042454
101 0.000316054998068727  0.000792878782026623  0.00078851386989876
102 0.000642146319774277  0.000623419981223119  0.000622987189926978
103 0.000869556582881589  0.000408539295595328  0.000411987332412567
104 0.00098066197970313  0.000194055419531234  0.00019803852998875
105 0.000974577905464465  0.000157976332130965  0.000145268556644777
106 0.000863615018134426  0.000320274007088674  0.000301684786247547
107 0.000670481664141512  0.00046251844432194  0.00044124249483066
108 0.00042531605892408  0.000547879912251303  0.000524830065713792
109 0.000167383448156314  0.000569206508430496  0.000545327508022676
110 0.000133183686688825  0.000529513063518023  0.00050588189002649
111 0.000340658632501958  0.000438930776996243  0.000416728813150763
112 0.000502770155658032  0.000313069840041986  0.000293535183896749
113 0.000596765163712254  0.000173704525535038  0.000158481073878588
114 0.000617727044174356  8.11043351559526e-05  7.9263275867637e-05
115 0.000569899004147326  0.000155774977827331  0.00016121902984016
116 0.000464818831925362  0.000254208877118225  0.000257019741136165
117 0.000319411291728066  0.000321844938513032  0.000321928278944638
118 0.000154341355213159  0.000349725286173963  0.000348128875698223
119 3.64110010482094e-05  0.000337486669087412  0.000335552350109388
120 0.000169609690239483  0.000290003557876111  0.000289043794481364
121 0.000285596529262551  0.000216112216017324  0.000217191429910141
122 0.000360063039827828  0.00012807501700616  0.000131862539468937
123 0.000388141008968224  5.06943781496959e-05  5.5814927670316e-05
124 0.000371028284090034  7.94702538637666e-05  7.44978610160319e-05
125 0.000314928246542374  0.000146621381526174  0.000138035480793684
126 0.000229861150294916  0.000196326945490278  0.000186220254594038
127 0.000128376221244651  0.000221334775759921  0.000210725734494051
128 2.88634261638246e-05  0.000220709602667813  0.000210339932810206
129 8.01343968427709e-05  0.000196956452332866  0.000187349578564495
130 0.00015891164799898  0.000155147825083095  0.000146615565250053
131 0.00021363112521125  0.000102387898040555  9.50501657360469e-05
132 0.00023999868473293  4.95465811906868e-05  4.36417455905881e-05
133 0.000237816775806763  3.76350054733039e-05  3.78195243800284e-05
134 0.000210107145721583  7.61628133412142e-05  7.78101561836548e-05
135 0.000162421488153575  0.000110605851718393  0.000111770655322871
136 0.00010209471607883  0.000131206007853808  0.000131797127291924
137 3.85272692993908e-05  0.00013614104569847  0.000136353066685522
138 3.29871914735834e-05  0.000126141420886545  0.000126268255262813
139 8.44089061348662e-05  0.000103697725448823  0.00010406979902529
140 0.000123883767168961  7.26600047706741e-05  7.35942700310307e-05
141 0.000146473145247425  3.84908463113484e-05  4.01900706379098e-05
142 0.000151084505429445  1.8782830104476e-05  1.92624061506532e-05
143 0.000138838719929091  4.06944287778819e-05  3.81145490562293e-05
144 0.000112637618022265  6.50316554511757e-05  6.13255089482301e-05
145 7.66818977141098e-05  8.13276994592796e-05  7.69839680853668e-05
146 3.60189541999291e-05  8.77495914395913e-05  8.31367663622391e-05
147 8.63476745924892e-06  8.43342794318745e-05  7.9797879070927e-05
148 4.2521979236423e-05  7.23557753378278e-05  6.81946042031825e-05
149 7.06585201928824e-05  5.40321029580967e-05  5.0470215330404e-05
150 8.84891375607271e-05  3.23938954769064e-05  2.95956830669587e-05
151 9.49457847409144e-05  1.32958695000509e-05  1.20039339653501e-05
152 9.0395851843246e-05  1.88831487853441e-05  1.98899592015835e-05
153 7.64068341119049e-05  3.48806814956245e-05  3.56946899467376e-05
154 5.54554287544806e-05  4.67906722412088e-05  4.7317378520273e-05
155 3.06206391070922e-05  5.27137418918974e-05  5.30786471676429e-05
156 6.67226122582076e-06  5.2418097834659e-05  5.27584356723748e-05
157 2.02336608789732e-05  4.65182843836989e-05  4.69490957818437e-05
158 3.93194334604959e-05  3.62514228875855e-05  3.68541814191146e-05
159 5.25068768151234e-05  2.33569089638075e-05  2.41648329039011e-05
160 5.87642980828168e-05  1.06639619386969e-05  1.14879897733973e-05
161 5.80540044564379e-05  9.79987319628696e-06  8.97324404491562e-06
162 5.11216567652546e-05  1.98141997978253e-05  1.83302286804632e-05
163 3.93286678439001e-05  2.82501201031368e-05  2.6509087355261e-05
164 2.44657759124666e-05  3.3203753000545e-05  3.13147870006361e-05
165 8.78364501804317e-06  3.42905075270372e-05  3.23469116033819e-05
166 8.24418422905447e-06  3.17109820530341e-05  2.9808217923189e-05
167 2.0954822284157e-05  2.60902060994719e-05  2.43216958265677e-05
168 3.05459992131312e-05  1.8381534217389e-05  1.68344124013556e-05
169 3.59545516744077e-05  9.90599600436239e-06  8.70328994411449e-06
170 3.69443925847023e-05  4.55611160498259e-06  4.61209886580257e-06
171 3.38127355616461e-05  9.50897350691669e-06  1.01272989523798e-05
172 2.72892250400581e-05  1.53837660170592e-05  1.5855277493443e-05
173 1.84158706721797e-05  1.92977734542044e-05  1.96253114844732e-05
174 8.43233431956012e-06  2.07933546203757e-05  2.10409085645327e-05
175 2.2607085788093e-06  1.98906556128625e-05  2.01307630409716e-05
176 1.06645921703053e-05  1.69129440450027e-05  1.7210168462626e-05
177 1.74713660742431e-05  1.24119291127235e-05  1.2813479229392e-05
178 2.1737467227401e-05  7.14574819066051e-06  7.66988779593848e-06
179 2.32215916073678e-05  2.83396215411209e-06  3.23077686050248e-06
180 2.2026856205162e-05  5.14337571079504e-06  4.61979922273606e-06
181 1.85450745851779e-05  9.11242005984006e-06  8.37233472235684e-06
182 1.33857671453795e-05  1.19848161797891e-05  1.11610325032596e-05
183 7.30266828152464e-06  1.33800245906385e-05  1.25274152660454e-05
184 1.52193089343463e-06  1.32563260581307e-05  1.24148437931463e-05
185 5.09530245662704e-06  1.17688470028364e-05  1.09699239759001e-05
186 9.72934225509288e-06  9.2213125555902e-06  8.48882708175892e-06
187 1.29109189957831e-05  6.03635590411968e-06  5.38953498630448e-06
188 1.43947144992886e-05  2.86555470845819e-06  2.37458287566276e-06
189 1.41753550251539e-05  2.25140131724286e-06  2.42355893956635e-06
190 1.24383927384777e-05  4.58924204090717e-06  4.86586868591936e-06
191 9.51937646404614e-06  6.62751234868557e-06  6.86317010029156e-06
192 5.85714530351349e-06  7.81992021243774e-06  8.01170790765438e-06
193 1.9929226301197e-06  8.06589552978486e-06  8.23091589664023e-06
194 2.08147114824333e-06  7.41565715976528e-06  7.57651414417815e-06
195 5.20790510306831e-06  6.0250266686923e-06  6.20455100031951e-06
196 7.53260126775176e-06  4.13116244545407e-06  4.34870542413958e-06
197 8.82362094450578e-06  2.07330696807059e-06  2.33407027321897e-06
198 9.03060643042871e-06  1.11449664145943e-06  1.13482797266436e-06
199 8.23183787972254e-06  2.58735401678618e-06  2.3188044755256e-06
200 6.61028585143878e-06  4.0326059047632e-06  3.69160009670821e-06
201 4.42391251683619e-06  4.97005680735372e-06  4.59668070998366e-06
202 1.97788290428468e-06  5.31004409823729e-06  4.92782431826421e-06
203 6.13492412828726e-07  5.06435761791329e-06  4.69238853740084e-06
204 2.6727887703724e-06  4.31569079088424e-06  3.96909027136372e-06
205 4.31812769318683e-06  3.20087557878624e-06  2.89037955767325e-06
206 5.3391024342223e-06  1.90464987893342e-06  1.63980010622371e-06
207 5.68012635227212e-06  7.96183319410325e-07  6.69502393496484e-07
208 5.36892170139938e-06  1.16445782820241e-06  1.28807858428835e-06
209 4.50293254992205e-06  2.1006301972347e-06  2.22845152704688e-06
210 3.23197035067193e-06  2.79025345283478e-06  2.90236536010522e-06
211 1.74040193656787e-06  3.12291594903608e-06  3.2229793755474e-06
212 3.41458031554911e-07  3.08629410802547e-06  3.18131236293148e-06
213 1.28086719730201e-06  2.71806315698165e-06  2.81518809368234e-06
214 2.40741437802273e-06  2.09266993755312e-06  2.19801629858711e-06
215 3.17514917743427e-06  1.31473983260275e-06  1.43186908301065e-06
216 3.52632487253467e-06  5.64554209389056e-07  6.75605560131103e-07
217 3.46089526039092e-06  6.22730662202861e-07  5.47050837045454e-07
218 3.0253520444098e-06  1.24261549589561e-06  1.10444931168228e-06
219 2.30269465055568e-06  1.74163137857685e-06  1.58387740109601e-06
220 1.40074711316461e-06  2.02600464093923e-06  1.85926927343305e-06
221 4.50521202181782e-07  2.07655864125505e-06  1.90830187346383e-06
222 5.29992571941486e-07  1.90764840398575e-06  1.74453539630329e-06
223 1.29545996426518e-06  1.55871298023931e-06  1.40657205764968e-06
224 1.8577623536103e-06  1.08855241168393e-06  9.52381230212117e-07
225 2.16522971352788e-06  5.7814118060072e-07  4.67098009545549e-07
226 2.20718998572869e-06  2.73113272583375e-07  2.86667501373532e-07
227 2.00405324335513e-06  5.78199871035369e-07  6.47049821353359e-07
228 1.60153915239228e-06  9.22930674408287e-07  9.86214479662491e-07
229 1.06336824544791e-06  1.14755542581558e-06  1.20327600326139e-06
230 4.64710815042655e-07  1.2271081480648e-06  1.27822739568922e-06
231 1.66412129510503e-07  1.16437832883766e-06  1.21454667720646e-06
232 6.68796326150624e-07  9.79835980255539e-07  1.03233240930574e-06
233 1.06653151531739e-06  7.07229605853557e-07  7.64428490582544e-07
234 1.31099841069828e-06  3.93162222076695e-07  4.5526085637271e-07
235 1.38926165813574e-06  1.60586539726426e-07  1.9489869079379e-07
236 1.30862227973755e-06  3.34257667004729e-07  2.81863509338028e-07
237 1.09327271554592e-06  5.7006313161121e-07  5.01732051605163e-07
238 7.80043419691111e-07  7.3696564916277e-07  6.6327193473069e-07
