0.005 -2.44317046007875e-11
0.015 -6.33392367090884e-11
0.025 -1.64207111845558e-10
0.035 -4.25707161106683e-10
0.045 -1.10364662275517e-09
0.055 -2.8612053086862e-09
0.065 -7.41767783998483e-09
0.075 -1.92303299546995e-08
0.085 -4.98546113948787e-08
0.095 -1.2924797377636e-07
0.105 -3.35075142262573e-07
0.115 -8.68681569530139e-07
0.125 -2.25205876893795e-06
0.135 -5.83849339666281e-06
0.145 -1.51363067754811e-05
0.155 -3.92413307973834e-05
0.165 -0.000101732085947367
0.175 -0.000263745920171979
0.185 -0.000683786714226532
0.195 -0.00177240990606347
0.205 -0.00459504656945471
0.215 -0.0119190053764026
0.225 -0.0308350805392943
0.235 -0.080211412169748
0.245 -0.207334107517117
0.255 -0.52102132206397
0.265 -0.881198481835181
0.275 -0.999999973119296
0.285 -0.999999972934134
0.295 -0.999999972144661
0.305 -0.999999969292783
0.315 -0.999999961083119
0.325 -0.999999938449957
0.335 -0.999999878428313
0.345 -0.999999721026266
0.355 -0.99999931079356
0.365 -0.999998245546923
0.375 -0.999995480064277
0.385 -0.999988310171365
0.395 -0.999969715256973
0.405 -0.99992150968347
0.415 -0.999796527882112
0.425 -0.99947250656167
0.435 -0.998632423476183
0.445 -0.996455185449018
0.455 -0.990809909984417
0.465 -0.976162003486954
0.475 -0.938329853731193
0.485 -0.839577211918346
0.495 -0.585331838342322
0.505 0.0420425412029064
0.515 0.762396897203168
0.525 0.999999986559648
0.535 0.999999986467068
0.545 0.999999986072331
0.555 0.999999984646392
0.565 0.99999998054156
0.575 0.999999969224979
0.585 0.999999939214157
0.595 0.999999860513134
0.605 0.999999655396782
0.615 0.999999122773466
0.625 0.999997740032151
0.635 0.999994155085714
0.645 0.99998485762857
0.655 0.999960754841951
0.665 0.99989826394163
0.675 0.999736253282347
0.685 0.999316211742092
0.695 0.998227592735073
0.705 0.995404955019753
0.715 0.988081001813427
0.725 0.969164927068086
0.735 0.919788606410182
0.745 0.792665920162739
0.755 0.478978731288391
0.765 0.118801551012116
0.775 -2.89638151847712e-17
0.785 -2.91292562269155e-17
0.795 -2.79105410887765e-17
0.805 -2.56650188823392e-17
0.815 -2.50409542712373e-17
0.825 -2.52306383429659e-17
0.835 -2.60528775493771e-17
0.845 -2.89792247614011e-17
0.855 -3.7453476151865e-17
0.865 -6.06705546165411e-17
0.875 -1.22360162546763e-16
0.885 -2.83834536058709e-16
0.895 -7.04687077962547e-16
0.905 -1.79717742136433e-15
0.915 -4.63283429393029e-15
0.925 -1.19849015771814e-14
0.935 -3.10506602632166e-14
0.945 -8.04779823642788e-14
0.955 -2.08627219735136e-13
0.965 -5.40851775650171e-13
0.975 -1.40215721217443e-12
0.985 -3.63508978936327e-12
0.995 -9.42398388864976e-12
