0.05 0.05 7.15968e-05
0.15 0.05 6.45653e-05
0.25 0.05 5.11902e-05
0.35 0.05 3.27808e-05
0.45 0.05 1.11386e-05
0.55 0.05 -1.16185e-05
0.65 0.05 -3.32633e-05
0.75 0.05 -5.1678e-05
0.85 0.05 -6.50609e-05
0.95 0.05 -7.21032e-05

0.05 0.15 0.000199922
0.15 0.15 0.000180283
0.25 0.15 0.000142927
0.35 0.15 9.15088e-05
0.45 0.15 3.10617e-05
0.55 0.15 -3.24993e-05
0.65 0.15 -9.29542e-05
0.75 0.15 -0.000144388
0.85 0.15 -0.000181768
0.95 0.15 -0.000201439

0.05 0.25 0.000280052
0.15 0.25 0.000252528
0.25 0.25 0.000200172
0.35 0.25 0.00012811
0.45 0.25 4.33928e-05
0.55 0.25 -4.56892e-05
0.65 0.25 -0.000130419
0.75 0.25 -0.000202506
0.85 0.25 -0.000254899
0.95 0.25 -0.000282475

0.05 0.35 0.000267179
0.15 0.35 0.000240882
0.25 0.35 0.000190863
0.35 0.35 0.000122014
0.45 0.35 4.10738e-05
0.55 0.35 -4.40382e-05
0.65 0.35 -0.000124995
0.75 0.35 -0.000193876
0.85 0.35 -0.000243944
0.95 0.35 -0.000270307

0.05 0.45 9.53747e-05
0.15 0.45 8.58762e-05
0.25 0.45 6.7808e-05
0.35 0.45 4.29368e-05
0.45 0.45 1.36945e-05
0.55 0.45 -1.70599e-05
0.65 0.45 -4.63205e-05
0.75 0.45 -7.12284e-05
0.85 0.45 -8.93522e-05
0.95 0.45 -9.89255e-05

0.05 0.55 -0.000335314
0.15 0.55 -0.000302658
0.25 0.55 -0.000240543
0.35 0.55 -0.000155051
0.45 0.55 -5.45536e-05
0.55 0.55 5.11079e-05
0.65 0.55 0.000151586
0.75 0.55 0.00023704
0.85 0.55 0.000299099
0.95 0.55 0.000331679

0.05 0.65 -0.00117693
0.15 0.65 -0.00106188
0.25 0.65 -0.000843038
0.35 0.65 -0.00054183
0.45 0.65 -0.000187742
0.55 0.65 0.00018456
0.65 0.65 0.000538631
0.75 0.65 0.000839804
0.85 0.65 0.00105859
0.95 0.65 0.00117358

0.05 0.75 -0.00265944
0.15 0.75 -0.00239924
0.25 0.75 -0.00190431
0.35 0.75 -0.0012231
0.45 0.75 -0.000422298
0.55 0.75 0.000419714
0.65 0.75 0.00122051
0.75 0.75 0.00190169
0.85 0.75 0.00239657
0.95 0.75 0.00265671

0.05 0.85 -0.0051279
0.15 0.85 -0.00462603
0.25 0.85 -0.00367141
0.35 0.85 -0.00235749
0.45 0.85 -0.000812891
0.55 0.85 0.000811196
0.65 0.85 0.00235579
0.75 0.85 0.00366969
0.85 0.85 0.00462428
0.95 0.85 0.00512612

0.05 0.95 -0.00909616
0.15 0.95 -0.0082058
0.25 0.95 -0.00651222
0.35 0.95 -0.00418121
0.45 0.95 -0.00144094
0.55 0.95 0.00144035
0.65 0.95 0.00418061
0.75 0.95 0.00651161
0.85 0.95 0.00820518
0.95 0.95 0.00909554

