0.05 0.05 0.0135609
0.15 0.05 0.0122334
0.25 0.05 0.00970847
0.35 0.05 0.00623314
0.45 0.05 0.00214764
0.55 0.05 -0.00214812
0.65 0.05 -0.00623362
0.75 0.05 -0.00970896
0.85 0.05 -0.0122339
0.95 0.05 -0.0135614

0.05 0.15 0.0420102
0.15 0.15 0.0378979
0.25 0.15 0.0300758
0.35 0.15 0.0193096
0.45 0.15 0.00665316
0.55 0.15 -0.00665459
0.65 0.15 -0.019311
0.75 0.15 -0.0300772
0.85 0.15 -0.0378993
0.95 0.15 -0.0420117

0.05 0.25 0.0745718
0.15 0.25 0.0672721
0.25 0.25 0.0533872
0.35 0.25 0.0342763
0.45 0.25 0.0118101
0.55 0.25 -0.0118123
0.65 0.25 -0.0342786
0.75 0.25 -0.0533895
0.85 0.25 -0.0672745
0.95 0.25 -0.0745742

0.05 0.35 0.114433
0.15 0.35 0.103232
0.25 0.35 0.0819247
0.35 0.35 0.0525984
0.45 0.35 0.0181232
0.55 0.35 -0.0181262
0.65 0.35 -0.0526014
0.75 0.35 -0.0819278
0.85 0.35 -0.103235
0.95 0.35 -0.114436

0.05 0.45 0.165496
0.15 0.45 0.149296
0.25 0.45 0.118482
0.35 0.45 0.0760695
0.45 0.45 0.0262107
0.55 0.45 -0.026214
0.65 0.45 -0.0760729
0.75 0.45 -0.118485
0.85 0.45 -0.1493
0.95 0.45 -0.1655

0.05 0.55 0.23276
0.15 0.55 0.209976
0.25 0.55 0.166637
0.35 0.55 0.106987
0.45 0.55 0.0368641
0.55 0.55 -0.0368676
0.65 0.55 -0.106991
0.75 0.55 -0.166641
0.85 0.55 -0.209979
0.95 0.55 -0.232764

0.05 0.65 0.322808
0.15 0.65 0.291209
0.25 0.65 0.231105
0.35 0.65 0.148378
0.45 0.65 0.0511264
0.55 0.65 -0.0511296
0.65 0.65 -0.148381
0.75 0.65 -0.231108
0.85 0.65 -0.291212
0.95 0.65 -0.322811

0.05 0.75 0.444455
0.15 0.75 0.400948
0.25 0.75 0.318194
0.35 0.75 0.204293
0.45 0.75 0.0703937
0.55 0.75 -0.0703962
0.65 0.75 -0.204295
0.75 0.75 -0.318197
0.85 0.75 -0.400951
0.95 0.75 -0.444458

0.05 0.85 0.609608
0.15 0.85 0.549936
0.25 0.85 0.436431
0.35 0.85 0.280206
0.45 0.85 0.0965518
0.55 0.85 -0.0965535
0.65 0.85 -0.280208
0.75 0.85 -0.436433
0.85 0.85 -0.549937
0.95 0.85 -0.60961

0.05 0.95 0.834435
0.15 0.95 0.752755
0.25 0.95 0.597389
0.35 0.95 0.383547
0.45 0.95 0.132161
0.55 0.95 -0.132162
0.65 0.95 -0.383548
0.75 0.95 -0.59739
0.85 0.95 -0.752755
0.95 0.95 -0.834436

