1 0.699383110723286  0.269132864171893  0.235887074714731
2 0.245851402680928  0.389201075271231  0.189013772687467
3 0.23239017595618  0.255135230795033  0.141206003462123
4 0.171109367081334  0.185823224589397  0.0961254520334918
5 0.0974854407114942  0.111240958900558  0.0635391041148387
6 0.0527741621140189  0.0704709658899759  0.0396433721048044
7 0.0466138661975463  0.0308136203381567  0.0254509190151552
8 0.0215030656556288  0.0280558153667871  0.0171520730937065
9 0.0121932986390527  0.0197241877827815  0.0133935002447418
10 0.015797660075926  0.00920762806300118  0.00692298932832258
11 0.00852479790321655  0.00987167200424298  0.00528728568507734
12 0.00326178570459289  0.0081172917221514  0.00430516373251556
13 0.00505292701135179  0.0039641786314438  0.00308865723906882
14 0.00417103456453458  0.00290548391080289  0.00220859386981014
15 0.00121026523061474  0.00355019843493232  0.00202950492635421
16 0.00177677936666136  0.00227758799044815  0.00166805595373546
17 0.00206161904102109  0.0011802109922209  0.00120889832854594
18 0.000918760676511842  0.00152996058228059  0.000962188348764618
19 0.000456434867832951  0.00118928044247631  0.000779374139882686
20 0.000868174402341247  0.000480726551123224  0.000592131989963963
21 0.000556579354110002  0.000557181561839822  0.000478695186197525
22 0.000175622613151498  0.000583770216473729  0.00040466337314002
23 0.000365944208637569  0.000335006594005917  0.000317677556070641
24 0.000310823675143099  0.000251740392004468  0.000240760517608711
25 9.53114293053421e-05  0.000282678038760404  0.00019350203367725
26 0.000116439575100544  0.000192806199711359  0.00016080530634756
27 0.000144139528102762  0.000115604198767113  0.000134517737870717
28 7.24957895517746e-05  0.000134683713876028  0.000116026538776418
29 4.21339392833231e-05  0.000120512424938794  0.000100380642918787
30 6.58600429430002e-05  8.80661886340121e-05  8.45095749703264e-05
31 4.49665090709904e-05  8.1374294845705e-05  7.09234150869871e-05
32 1.74288726888323e-05  7.44473592257101e-05  6.0986557307175e-05
33 2.70379700401998e-05  5.81729409589779e-05  5.33864349438102e-05
34 2.48169286045468e-05  4.94847182250161e-05  4.71362110317152e-05
35 1.36040971141116e-05  4.617145443545e-05  4.17376799176009e-05
36 1.32259237456979e-05  3.99787591132776e-05  3.66019251720595e-05
37 1.37600791120313e-05  3.40892117768085e-05  3.16329684235253e-05
38 9.3703375066868e-06  3.01752143805806e-05  2.7202951018474e-05
39 6.88822070482964e-06  2.60556278075553e-05  2.35267220286871e-05
40 7.08845683353267e-06  2.20845589538589e-05  2.05149076223801e-05
41 5.95440570969389e-06  1.92916017822019e-05  1.79836770930912e-05
42 4.7923262494959e-06  1.70053680239392e-05  1.57567355978369e-05
43 4.53712793882024e-06  1.4769082038492e-05  1.3721045217834e-05
44 3.97457998478323e-06  1.28218770587987e-05  1.18696584682484e-05
45 3.14094679576887e-06  1.11464581495843e-05  1.02476977531927e-05
46 2.662261824999e-06  9.62162081052337e-06  8.87199799714325e-06
47 2.37890081001002e-06  8.3168549368374e-06  7.71432420207298e-06
48 2.06921553595998e-06  7.24514763537362e-06  6.72586870684024e-06
49 1.82798005833039e-06  6.31585323018735e-06  5.86135921695071e-06
50 1.62739164954907e-06  5.49120517511134e-06  5.09400485535561e-06
51 1.39479020685476e-06  4.77179645101563e-06  4.41610584526352e-06
52 1.17722840068173e-06  4.14241108227625e-06  3.82693676226526e-06
53 1.01625020744078e-06  3.59289384233869e-06  3.32169641834713e-06
54 8.89744672107488e-07  3.12157368361656e-06  2.88938782831155e-06
55 7.81392415740705e-07  2.71728199705259e-06  2.51643411993747e-06
56 6.87962694608052e-07  2.36550853799409e-06  2.19105767736775e-06
57 6.0063628173312e-07  2.05820268025842e-06  1.90558769348491e-06
58 5.17781399597554e-07  1.79025640640771e-06  1.65582645741946e-06
59 4.45963074177191e-07  1.55679095319139e-06  1.43885515101737e-06
60 3.87172096052988e-07  1.35408080694304e-06  1.25137285617092e-06
61 3.38238993339554e-07  1.17861622393773e-06  1.0893907622075e-06
62 2.96232075714448e-07  1.02636645253963e-06  9.48835000279659e-07
63 2.59031812762338e-07  8.93762114854779e-07  8.26267053540912e-07
