1 0.466255407148857  0.179421909447929  0.157258049809821
2 0.204691582382208  0.215580219805335  0.11262681513769
3 0.0910912498907343  0.17605780764119  0.0948628164577731
4 0.0761110523227265  0.116392891502644  0.0712103919687209
5 0.0695316629443362  0.0730060589911381  0.0501153088870883
6 0.0554533014232068  0.0435596085781517  0.0325653039947818
7 0.0326609830390968  0.0335421927465077  0.0222399906543911
8 0.0136857926513907  0.0270701387375301  0.016677987822914
9 0.00778426695740557  0.0185622178852861  0.0123149463001597
10 0.00775916811897488  0.0120701997495046  0.00881609507993086
11 0.00608424821817928  0.00886270715452064  0.00662661136350497
12 0.00354405045859754  0.00735951742620257  0.00543503025849672
13 0.00164845792933461  0.00612394206720088  0.00455629788085697
14 0.0015673313361707  0.00487068430977466  0.00373078791342699
15 0.0018311154774725  0.00382238593162993  0.00301609830290103
16 0.0016139456453615  0.00312103909597983  0.0024766668523572
17 0.00112258190518239  0.0026535412752797  0.00208733700983523
18 0.000675688974437632  0.00224900613651884  0.00178667297971786
19 0.000505828686314214  0.00185425916604988  0.0015370915092094
20 0.000507692469268096  0.0015045676879809  0.00132875122150181
21 0.000470591407350194  0.00123586272790509  0.00115830354737722
22 0.000377632523544273  0.00104127975262115  0.00101768028431135
23 0.000285489466877044  0.000888494217816978  0.000896873382424532
24 0.000237367261913695  0.000754851927026378  0.000789244950894446
25 0.000221486854677067  0.000636201400137706  0.000692340973149509
26 0.000204957664552021  0.000535436770241643  0.000605655677556695
27 0.000178040906179205  0.000452478460976132  0.000528720630430398
28 0.00014790016879974  0.000383461089452598  0.000460656121278431
29 0.000123084613155713  0.000324616811346431  0.000400501216023153
30 0.000105743500442221  0.000274399792891277  0.000347477529995058
31 9.2723387761918e-05  0.000232563616666199  0.000300964376538592
32 8.09804247686898e-05  0.000198546453345958  0.000260375489018586
33 6.98689314869152e-05  0.000171001169151376  0.000225110806249356
34 5.99464551954654e-05  0.000148377553419093  0.000194589035467273
35 5.15210926268626e-05  0.000129522155093236  0.000168287016598188
36 4.43480135440864e-05  0.000113747105344776  0.00014574237070394
37 3.80725866201806e-05  0.000100586273954112  0.000126529826048513
38 3.25658902430339e-05  8.96101313434718e-05  0.000110239839794554
39 2.78705533765e-05  8.04046416967567e-05  9.64740578910633e-05
40 2.40016135462067e-05  7.26144111768967e-05  8.48538771722625e-05
41 2.08572883082225e-05  6.59570030836507e-05  7.5032043378378e-05
42 1.82738864942127e-05  6.02043619019113e-05  6.67008233915474e-05
43 1.61118319202393e-05  5.51651723445037e-05  5.9595457559164e-05
44 1.42850419474365e-05  5.0682329768734e-05  5.34938935404261e-05
45 1.27409142726428e-05  4.66361351306839e-05  4.82138730189146e-05
46 1.14355376780204e-05  4.29423915126598e-05  4.36081981737598e-05
47 1.03258123662725e-05  3.95444823711552e-05  3.95590869435084e-05
48 9.3726665468688e-06  3.64041881688922e-05  3.59725710748207e-05
49 8.54415164276447e-06  3.34947554969225e-05  3.27736193453014e-05
50 7.81507471104955e-06  3.07965931513349e-05  2.99022286330128e-05
51 7.16548475416741e-06  2.82945574014524e-05  2.73103887411652e-05
52 6.57989662809233e-06  2.5976064955232e-05  2.49597006807128e-05
53 6.04699108412188e-06  2.38298448083847e-05  2.28194507149135e-05
54 5.5589794977887e-06  2.18452929335746e-05  2.08650117412892e-05
55 5.11053497202792e-06  2.00122679902512e-05  1.90765014863156e-05
56 4.69773850168518e-06  1.83210881306724e-05  1.74376621023859e-05
57 4.31739677973275e-06  1.67625530093612e-05  1.59349440444749e-05
58 3.9667435931632e-06  1.53279290645259e-05  1.45567836424539e-05
59 3.64334628842833e-06  1.40089075689202e-05  1.32930612380353e-05
60 3.3450627029077e-06  1.27975599880433e-05  1.21347187857203e-05
61 3.06999199130549e-06  1.1686304882916e-05  1.10735075161335e-05
62 2.81642306535879e-06  1.06678904877735e-05  1.01018318907419e-05
63 2.58279317621288e-06  9.73539256063372e-06  9.21265724622555e-06
64 2.36765914744476e-06  8.88222443877256e-06  8.39945423419019e-06
65 2.16967799520379e-06  8.10215358862927e-06  7.65616108487861e-06
66 1.98759412331606e-06  7.38931763685336e-06  6.97715255348299e-06
67 1.82023151531507e-06  6.73823406534846e-06  6.35721060083456e-06
68 1.66648916667226e-06  6.14380072909248e-06  5.79149580008184e-06
69 1.52533766351977e-06  5.60128741398962e-06  5.27552028062531e-06
70 1.39581545533553e-06  5.10632058235728e-06  4.80512329883668e-06
71 1.27702458823925e-06  4.65486404273667e-06  4.37644998205511e-06
72 1.16812649652832e-06  4.24319794561373e-06  3.98593305206996e-06
73 1.06833849366661e-06  3.86789777140451e-06  3.63027679324138e-06
74 9.76931156520723e-07  3.52581421241058e-06  3.30644233812495e-06
75 8.93226344163235e-07  3.21405425138811e-06  3.01163346135518e-06
76 8.16595402050474e-07  2.92996337732684e-06  2.74328236818966e-06
77 7.46457169667269e-07  2.67110874161198e-06  2.49903529387136e-06
78 6.82275603998014e-07  2.43526307818521e-06  2.27673799118911e-06
79 6.23557029339668e-07  2.22038930372038e-06  2.0744213310045e-06
80 5.69847156884703e-07  2.02462580643926e-06  1.89028727770519e-06
81 5.20728066373351e-07  1.84627248657746e-06  1.72269546126634e-06
82 4.75815319597135e-07  1.68377762079416e-06  1.57015049082291e-06
83 4.34755311143629e-07  1.53572560002213e-06  1.43129007532242e-06
84 3.97222889098417e-07  1.40082555377494e-06  1.30487395585835e-06
85 3.62919222570025e-07  1.27790083917688e-06  1.18977361848214e-06
86 3.31569865260843e-07  1.16587934860775e-06  1.08496274252104e-06
87 3.02922962514912e-07  1.06378457797577e-06  9.89508340294502e-07
88 2.76747563529065e-07  9.70727396324067e-07  9.0256255090202e-07
