1 0.155463875806843  0.119825109368049  0.112413517672915
2 0.161014570457044  0.0899526548259667  0.0869078503402101
3 0.160008847192436  0.0660891195519421  0.0597803358671367
4 0.145005421180975  0.0587568935765834  0.049290861600449
5 0.119671229057792  0.0705943276573422  0.0600122687344175
6 0.0960055698330499  0.0785346204846392  0.0688473334442025
7 0.0809348631749545  0.081151142575441  0.071334080729303
8 0.0743555110193706  0.0806485706251187  0.0707468577921438
9 0.0714619997019895  0.0781403905242066  0.0685090895682074
10 0.068544412243846  0.0749490246545465  0.0655040980591339
11 0.064831943530989  0.0714980343523847  0.0621445634863456
12 0.0608641372840313  0.0677137200304024  0.0583226999733782
13 0.0577330038601492  0.0632999928818412  0.0538388667522978
14 0.056607815624095  0.0577983792672715  0.0484202204588641
15 0.0579997098784149  0.0507166556786021  0.0419254241330946
16 0.0610781066258327  0.041778763615767  0.034565350883613
17 0.0638480526523322  0.0315074734827491  0.027275086228748
18 0.0642535843702442  0.0221977227628887  0.0220052242161736
19 0.06142438711381  0.0182116182650297  0.0205016569052437
20 0.0559528535372989  0.0206441497691224  0.0219305994233637
21 0.0490549912104155  0.0249159102961404  0.0242635231164269
22 0.0417007990623436  0.0283426862830347  0.0264857425977128
23 0.0344017931242898  0.0304134692908632  0.0283151704225623
24 0.0274402706124406  0.0312183801494396  0.0296181014886648
25 0.0211861052215392  0.0309368888202695  0.0302497764499193
26 0.0164209502940569  0.0297288975055148  0.0300795971860767
27 0.0144759816757567  0.0277181794836037  0.0290244448862566
28 0.0159635455959009  0.0250016395081488  0.027056920004838
29 0.0194947349089312  0.0216858261216359  0.0242106759732125
30 0.0233715595156072  0.0179567941657221  0.0205994169736919
31 0.026557498332923  0.014180832458714  0.0164452439962279
32 0.028503565247099  0.0110249621838913  0.012108948961401
33 0.0290037427914535  0.00942728287512647  0.00816368449467296
34 0.0281259915672577  0.00978864694837705  0.00567179563084088
35 0.0261266089232059  0.0112693088417117  0.00585368391129721
36 0.0233462962549052  0.0128859769066918  0.00765851574127504
37 0.0201244587154124  0.0141722228725129  0.00954907656898931
38 0.0167559355684404  0.0149979544496988  0.0110088649106906
39 0.0134936103049125  0.0153709441855447  0.0119335983338156
40 0.010594667302205  0.0153386664620118  0.012341930532747
41 0.00840408022514818  0.0149471125207227  0.0122890197191981
42 0.00736949803771893  0.0142297700924333  0.0118372862035438
43 0.00767167768391228  0.0132127459139274  0.0110480615199492
44 0.00886236740707545  0.0119269334916893  0.00998304804929282
45 0.0103252315783619  0.0104215095639365  0.00871055382331982
46 0.0116565130452471  0.00877690226261648  0.00731430364410903
47 0.0126377542565525  0.00712010321162763  0.00590619552615446
48 0.0131596885150686  0.00564953816280632  0.00464887709025071
49 0.0131837087106436  0.00465783649886186  0.0037831113045219
50 0.0127228729795407  0.00441978827764977  0.00355479186829801
51 0.011828604546064  0.00486338934435868  0.00393157979982112
52 0.0105788242446696  0.00561033550595215  0.00460322843447375
53 0.00906803510024233  0.0063442126480049  0.00530503708698101
54 0.00740215796945375  0.00689799485255548  0.00589911489540365
55 0.00570374986731929  0.00719845881894608  0.00632270691660717
56 0.00414309211015141  0.00722331965174298  0.00654996298021913
57 0.00303084723079932  0.00697950477566976  0.00657465038572578
58 0.00283250435890209  0.00649194893184344  0.00640337893289642
59 0.00350267959625674  0.00579748600379273  0.00605350671074761
60 0.004468788379393  0.00494182921235065  0.00555288693285635
61 0.00538119252538107  0.00397947512623763  0.00494009837617995
62 0.00609784922751825  0.00297922678975767  0.00426475022108824
63 0.00655990491985456  0.0020489216077531  0.0035880771628334
64 0.00674770465546762  0.00142767019779668  0.00298354266899943
65 0.00666626324066071  0.00149092667951347  0.00253230344312647
66 0.00633876652723101  0.00206171509573931  0.00229728726286625
67 0.00580217874262893  0.00272395246739412  0.00227374244594888
68 0.00510368806699138  0.00331246683800473  0.00238085071334375
69 0.0042983900095278  0.00377142054322393  0.0025212114765264
70 0.00344982363090065  0.00408115612300687  0.00262632842798787
71 0.00263739499028585  0.00423860889936114  0.00266039695118604
72 0.00197878563447906  0.00425065476300195  0.00261052982378087
73 0.00165097819771379  0.00413095470842625  0.00247853893955283
74 0.00175301199516806  0.00389803621236128  0.00227612505102447
75 0.00211706071213381  0.00357398120143423  0.00202263351132067
76 0.00253289631960274  0.0031835334692408  0.00174485967375545
77 0.00289259500316015  0.0027536266317824  0.00147875468853455
78 0.00315124039797957  0.00231350118066608  0.0012711408055808
79 0.00329280354003514  0.00189573277582138  0.00117126612391399
80 0.00331639421913824  0.00153813746673975  0.00119892352907345
81 0.00323061857559253  0.00128329866906867  0.00132195575058373
82 0.00305082076857287  0.00116388055802474  0.00148548961938365
83 0.0027975186929876  0.00117107116143924  0.00164551388938951
84 0.0024955695518927  0.00125257659822295  0.00177498365472574
85 0.00217401830212267  0.00135267270691044  0.00185917045830299
86 0.00186650748764867  0.00143596647473232  0.00189133519257017
87 0.00161098086761587  0.00148580095926555  0.00187010732717438
88 0.00144413255304352  0.00149760086386618  0.0017979442234332
89 0.00138501123415513  0.00147431584051748  0.00168016202165965
90 0.00141856523175836  0.00142381878830203  0.00152428924225423
91 0.00150410952782695  0.001357249475035  0.00133966088463903
92 0.00159982418917301  0.00128752871719504  0.00113730023093093
93 0.00167602385270063  0.00122744273316771  0.000930315403384286
94 0.00171569255902704  0.00118702043708199  0.000735362173315464
95 0.00171135064588079  0.00117079492658587  0.000575849462298752
96 0.00166231899744882  0.0011765167437666  0.000483372732367942
97 0.00157294495543685  0.00119643797225132  0.000478497879029548
98 0.00145156663289691  0.00122033116515639  0.000539116335423387
99 0.00131001305232025  0.00123836214092289  0.000622946370403466
100 0.00116348938327435  0.00124277374285088  0.000701241543233855
101 0.00103043513620649  0.00122847674750566  0.000759853833757257
102 0.000930962350749123  0.00119303340627972  0.000792745408597184
103 0.000881331511277937  0.00113641317101145  0.00079826832730421
104 0.000885046653833383  0.0010607228811297  0.000777459324125498
105 0.000929600976371457  0.000970009012243561  0.000733226501629696
106 0.000994268443136354  0.000870186997015746  0.000669947368297415
107 0.00105971754559079  0.000769116950318628  0.000593333566662639
108 0.00111197104722063  0.000676700769952157  0.000510584903815598
109 0.0011423289137116  0.000604383903379574  0.000430922037029256
110 0.00114623348685897  0.000562620271420822  0.000366254240516339
111 0.00112224980238937  0.000555684320339295  0.000329914295795652
112 0.00107134147918139  0.000578068112107875  0.000329411253935673
113 0.000996384756227315  0.000617600560190223  0.000358560162784375
114 0.0009018698267249  0.00066165402271371  0.000402840201596007
115 0.000793799015463552  0.000700517648360056  0.000449528000331567
116 0.000679870040619608  0.000727772608254731  0.000490630444181462
117 0.000570101735073378  0.000739637581174714  0.000521807366082457
118 0.000477840428617588  0.000734286080542206  0.000541075092711932
119 0.000419358757433345  0.000711345752075853  0.000547995265111895
120 0.000406722405562939  0.000671552644998232  0.000543199666550039
121 0.000435865560554616  0.000616509668574091  0.000528086091128857
122 0.000489049359365458  0.000548521967540604  0.000504593858950577
123 0.000548699020880469  0.000470516127157401  0.000475012478159823
124 0.000603251485809145  0.000386111696089225  0.000441797165842101
125 0.000646167571102673  0.000300086835364373  0.000407372874693147
126 0.000674103830971808  0.000220070033165195  0.000373914390777231
127 0.000685741691035452  0.00016167703117178  0.000343104923814787
128 0.000681132930586665  0.000151358102927495  0.000315908424249238
129 0.000661318695894859  0.000191190135996145  0.000292433223443824
130 0.000628087087065072  0.000251834854677772  0.000271975956456458
131 0.000583809268315182  0.000314560392187398  0.000253273111363762
132 0.000531334047960169  0.000371808192278205  0.000234882071944359
133 0.000473942999600334  0.00042024564703086  0.000215559714913253
134 0.000415379151356011  0.000458243660932198  0.000194550880512868
135 0.000359948654003136  0.000485049807099032  0.000171791473680968
136 0.000312594561693331  0.000500468318934418  0.000148111354376615
137 0.00027853449992018  0.000504705445075317  0.000125571264525439
138 0.000261722400301091  0.000498276201446203  0.000107959778241769
139 0.000262399225721111  0.000481937901339888  0.000100534198697492
140 0.000276451054802379  0.000456638484395718  0.000106665960228465
141 0.000297868991332927  0.000423476030039735  0.000124101847184712
142 0.000321396702746566  0.00038366979965205  0.000147591658387111
143 0.000343412457822365  0.000338546796152912  0.000172751053853865
144 0.000361718582245121  0.00028955504046497  0.000196720080429787
145 0.00037511483191615  0.000238334669629393  0.000217671561407325
146 0.000383058139687  0.000186941410110909  0.000234416311203326
147 0.000385435665617251  0.000138539259268779  0.000246198290786606
148 0.000382419740450574  9.95666186737139e-05  0.000252593111249608
149 0.000374376243734252  8.33886774327815e-05  0.000253452989595711
150 0.000361808508506005  9.84332514671337e-05  0.000248871371086002
151 0.000345326422417502  0.000130809299090459  0.00023915595731182
152 0.000325634826188717  0.000167134646029184  0.000224806511088207
153 0.000303537765676884  0.000201782446782928  0.000206498306029437
154 0.000279956239335991  0.000232346154999054  0.000185076258687835
155 0.00025595623221161  0.000257595945051229  0.000161571180518641
156 0.00023277842532452  0.00027683856442725  0.00013726180175356
157 0.000211845463209941  0.000289699706767977  0.000113826680099991
158 0.000194692274906835  0.000296039189425319  9.36291481478289e-05
159 0.000182737722802672  0.00029591226264866  7.9930141067375e-05
160 0.000176870912750514  0.000289548048107143  7.58605039185017e-05
161 0.00017703712242805  0.000277334598836656  8.14547646748508e-05
162 0.000182171803413943  0.000259807105287812  9.31602879020127e-05
163 0.000190581019618202  0.000237639435620983  0.000107066970571171
164 0.00020045818081176  0.000211642723775702  0.000120586907780812
165 0.000210225697952998  0.000182781102136097  0.000132240750554018
166 0.000218656073853717  0.000152230571694648  0.000141205165976845
167 0.000224867728230473  0.000121552016066923  0.000147041111354823
168 0.000228279482645614  9.31757236967745e-05  0.000149555234772901
169 0.000228562753382032  7.15737829976094e-05  0.000148727718111133
170 0.000225602892741575  6.38912049433184e-05  0.000144671415720113
171 0.000219470491239208  7.29389496156708e-05  0.000137606308664022
172 0.000210400988136902  9.17277947177934e-05  0.000127842538185332
173 0.000198781356759321  0.000113187868997895  0.000115770107624242
174 0.000185143747936388  0.000133762813506395  0.000101857136815349
175 0.000170166807539589  0.00015176273661827  8.66644558036667e-05
176 0.00015468467566517  0.000166306762787592  7.08987272606338e-05
177 0.000139698246935067  0.000176918265062531  5.5566786303055e-05
178 0.000126366336587197  0.00018336827273322  4.23891915330644e-05
179 0.000115920170812242  0.000185607260487135  3.45093416175632e-05
180 0.000109419877700458  0.00018373021617997  3.52491171516666e-05
181 0.000107361818239071  0.000177955199362763  4.32212924658277e-05
182 0.000109393014137734  0.000168608140225464  5.42216220385546e-05
183 0.000114439613223626  0.000156111815405059  6.55865671112296e-05
184 0.000121150178464867  0.00014098002624435  7.60510569837151e-05
185 0.000128282345345304  0.000123821591175678  8.4976182342868e-05
186 0.000134867679244426  0.000105365949919908  9.20096087349183e-05
187 0.000140222763492758  8.65399402603834e-05  9.69569460703895e-05
188 0.000143905031347073  6.86688174333718e-05  9.97293602543941e-05
189 0.000145663400098178  5.39329826599797e-05  0.000100319316976716
190 0.000145398461404499  4.58274058031867e-05  9.8787427905515e-05
191 0.000143133242039061  4.72162508087715e-05  9.52540563124468e-05
192 0.000138992279061619  5.62039582907466e-05  8.98933735645936e-05
193 0.000133186878108223  6.85067291392085e-05  8.29294356084304e-05
194 0.000126005224614902  8.12498008157788e-05  7.46352599122337e-05
195 0.000117806631789367  9.29613157220286e-05  6.5337935565121e-05
196 0.000109019223277221  0.000102873269937463  5.54372397943893e-05
197 0.000100139118117104  0.000110563171011416  4.54561011353627e-05
198 9.17254691564749e-05  0.000115803505292806  3.61654806115072e-05
199 8.43782033852577e-05  0.000118495681086673  2.88387814472422e-05
200 7.86766057893899e-05  0.000118637524978284  2.53632583224969e-05
201 7.50623651525091e-05  0.000116304701313842  2.68859204762959e-05
202 7.36951561485449e-05  0.000111638243163964  3.20704485697684e-05
203 7.43729188461483e-05  0.000104835022314851  3.87570448667448e-05
204 7.65941756089975e-05  9.6140030751387e-05  4.55598453389102e-05
205 7.97220143160349e-05  8.58405625726977e-05  5.17539890367105e-05
206 8.31387330689595e-05  7.42637787958107e-05  5.69501611977673e-05
207 8.63299857837969e-05  6.17822269023506e-05  6.09302139799255e-05
208 8.89075446878338e-05  4.88415245987564e-05  6.35763562168364e-05
209 9.06013983432244e-05  3.60613251027215e-05  6.48391872518292e-05
210 9.12428221596932e-05  2.46241602746074e-05  6.47214965960917e-05
211 9.07479799276172e-05  1.76490080919697e-05  6.32686813484534e-05
212 8.9104846077285e-05  1.9748144624014e-05  6.05620688314269e-05
213 8.63636281542846e-05  2.80530323605622e-05  5.67136373943434e-05
214 8.26302308901942e-05  3.77572045001584e-05  5.18616409219619e-05
215 7.8062373147916e-05  4.70691148521184e-05  4.6167287980599e-05
216 7.28681637661092e-05  5.53315622330872e-05  3.98134295452424e-05
217 6.73068890430111e-05  6.22305015262096e-05  3.30080603935583e-05
218 6.16909026238501e-05  6.75931647370551e-05  2.60012658270393e-05
219 5.63847456261465e-05  7.1327890594158e-05  1.91464376483531e-05
220 5.17915957898195e-05  7.34021193243381e-05  1.31311826031561e-05
221 4.8309400338847e-05  7.38323822141388e-05  9.71372858698241e-06
222 4.62424209257507e-05  7.26784859760432e-05  1.11108530406904e-05
223 4.56908495601543e-05  7.0039308038303e-05  1.55801168945061e-05
224 4.64944003990421e-05  6.6049421092959e-05  2.07213652780185e-05
225 4.82877818472394e-05  6.08766220079936e-05  2.56340748005685e-05
226 5.06260822178392e-05  5.47212000963063e-05  2.99802954153329e-05
227 5.30921686777556e-05  4.78190759568812e-05  3.35992649656131e-05
228 5.53482310559782e-05  4.04539753362053e-05  3.6405018135007e-05
229 5.71453953863167e-05  3.29917196458114e-05  3.83548093323754e-05
230 5.83151345629686e-05  2.59697292825366e-05  3.94372397126347e-05
231 5.87566438101219e-05  2.03011541354913e-05  3.96667722398218e-05
232 5.84255675853867e-05  1.74531174668393e-05  3.90806031382672e-05
233 5.73252636221092e-05  1.84704217586012e-05  3.77365643396506e-05
234 5.55004120665301e-05  2.23480779190617e-05  3.57116978870822e-05
235 5.30325571244922e-05  2.73571151470706e-05  3.31016316219123e-05
236 5.00372896832837e-05  3.24315344732816e-05  3.00213351292435e-05
237 4.66628903632977e-05  3.70370668711948e-05  2.66085306004741e-05
238 4.30901048191188e-05  4.08932090665611e-05  2.30323132913965e-05
239 3.95319185578913e-05  4.38438543722598e-05  1.95115973211668e-05
240 3.62300603902808e-05  4.58044945765064e-05  1.63484557864557e-05
241 3.34410594115628e-05  4.67392858554893e-05  1.3962851614199e-05
242 3.14014576810898e-05  4.66497780145573e-05  1.28294766223675e-05
243 3.02687512353596e-05  4.55684108562654e-05  1.31649061476528e-05
244 3.0060916099908e-05  4.35540572259145e-05  1.46670961658638e-05
245 3.06405081161377e-05  4.06885345637071e-05  1.67829179226006e-05
246 3.17628561860088e-05  3.70737591659867e-05  1.90562643759167e-05
247 3.31522805846109e-05  3.28297299870551e-05  2.11959388389154e-05
248 3.45596452888216e-05  2.80942528436474e-05  2.30264468080611e-05
249 3.57874367955883e-05  2.30271457167188e-05  2.4442391039499e-05
250 3.6692933704359e-05  1.78278295131676e-05  2.53823357965965e-05
251 3.71823728492202e-05  1.28004118619426e-05  2.58149923862959e-05
252 3.720333809442e-05  8.61200244845244e-06  2.57316804317963e-05
253 3.67380640438136e-05  6.97416836651051e-06  2.51418498128206e-05
254 3.57982434268321e-05  9.03427641290241e-06  2.40701067057104e-05
255 3.44212473916787e-05  1.27626230715696e-05  2.25540193136394e-05
256 3.26675695577226e-05  1.67007991916013e-05  2.06424126939118e-05
257 3.0619370124732e-05  2.03555342040055e-05  1.83941533488073e-05
258 2.83800171122819e-05  2.35258847149455e-05  1.58777765239451e-05
259 2.60742910065797e-05  2.61080554749305e-05  1.31730953984354e-05
260 2.38480665977976e-05  2.80438854946568e-05  1.03783912861431e-05
261 2.18642705626099e-05  2.93043380032071e-05  7.63621359300128e-06
262 2.02888505782372e-05  2.98829558068599e-05  5.23140328737753e-06
263 1.92599516838134e-05  2.97925654914664e-05  3.90224575850861e-06
264 1.88440915542108e-05  2.9063131151297e-05  4.54426874327009e-06
265 1.90048095416705e-05  2.77400543280926e-05  6.40552164090674e-06
266 1.96127971193678e-05  2.58827383603904e-05  8.52794425082974e-06
267 2.0492094488339e-05  2.35635261162014e-05  1.05568839228725e-05
268 2.14680083417748e-05  2.08674517041606e-05  1.23564260848552e-05
269 2.23942928264586e-05  1.78939300123675e-05  1.38596187947458e-05
270 2.31608672419844e-05  1.4763332050066e-05  1.50289984025566e-05
271 2.36916834154711e-05  1.16368705325405e-05  1.58444770348916e-05
272 2.39396974104602e-05  8.77469947677648e-06  1.62988325493282e-05
273 2.38819682899267e-05  6.68203865899202e-06  1.63956420617429e-05
274 2.35157271736566e-05  6.15666161136614e-06  1.6148089176626e-05
275 2.28554461263995e-05  7.3548942735543e-06  1.55781242858865e-05
276 2.19307451613706e-05  9.42235959045265e-06  1.47158329239077e-05
277 2.07849918724845e-05  1.16743838579102e-05  1.35990582236141e-05
278 1.94744901464884e-05  1.37957922220178e-05  1.22735063165233e-05
279 1.8068119181667e-05  1.56383463996213e-05  1.07938733756192e-05
280 1.66470433111232e-05  1.7123504481441e-05  9.2271987961917e-06
281 1.53034598944156e-05  1.82077872202237e-05  7.66111344366848e-06
282 1.41361258788336e-05  1.8869627532579e-05  6.22210199220761e-06
283 1.32391889152871e-05  1.91036353214122e-05  5.10592771377219e-06
284 1.26822965571803e-05  1.89176130709443e-05  4.57328948509424e-06
285 1.2487569712509e-05  1.8330655501035e-05  4.76835438130747e-06
286 1.26184233252098e-05  1.73717021167884e-05  5.51906806878115e-06
287 1.29911293481033e-05  1.6078319470166e-05  6.52543555367685e-06
288 1.35014218384611e-05  1.44956991525618e-05  7.57232934265905e-06
289 1.40488745468963e-05  1.26760543292017e-05  8.53781291255637e-06
290 1.45501249703436e-05  1.06789828917433e-05  9.35353674376559e-06
291 1.49425615538987e-05  8.57450002746768e-06  9.98018191175161e-06
292 1.51831939707081e-05  6.4546180398845e-06  1.03957621901621e-05
293 1.52460298356103e-05  4.47768237754398e-06  1.05900654320495e-05
294 1.51194569976565e-05  3.04353467504297e-06  1.05617907732858e-05
295 1.48040959178195e-05  2.98352772370885e-06  1.0316879806425e-05
296 1.43111776018333e-05  4.2070328640746e-06  9.86739486478967e-06
297 1.36613944840182e-05  5.8058686130275e-06  9.2306696294916e-06
298 1.28841700445807e-05  7.38410789400663e-06  8.42863754987044e-06
299 1.20172999967715e-05  8.80568327783529e-06  7.48736573194942e-06
300 1.11068603528769e-05  1.00091549542095e-05  6.43698345273718e-06
301 1.02070478908616e-05  1.09611590177505e-05  5.31257955834069e-06
302 9.37905344481162e-06  1.16433536529741e-05  4.15788050031688e-06
303 8.68711483772322e-06  1.20478978529176e-05  3.03829402053466e-06
304 8.18929391708379e-06  1.21754925243084e-05  2.08948268736122e-06
305 7.92264868898713e-06  1.2034285296051e-05  1.64621658992446e-06
306 7.88899878893965e-06  1.16390878007014e-05  2.00214835238234e-06
307 8.05221115788282e-06  1.10107262141204e-05  2.78888872901465e-06
308 8.35065245014447e-06  1.01755021039271e-05  3.65592932046576e-06
309 8.71566601550043e-06  9.16485308599007e-06  4.47461101859221e-06
310 9.08528057681001e-06  8.01547263852924e-06  5.1934279005823e-06
311 9.41018979863999e-06  6.77054948094517e-06  5.78650518746194e-06
312 9.65454652637673e-06  5.483928504777e-06  6.23949356329596e-06
313 9.79459711328751e-06  4.23254432859719e-06  6.54505569670634e-06
314 9.81686416249317e-06  3.15248483046302e-06  6.70111501597848e-06
315 9.71652872519802e-06  2.51170302495061e-06  6.71001589823567e-06
316 9.49616217155287e-06  2.6073384349651e-06  6.57801721953713e-06
317 9.16478913885762e-06  3.29238542134835e-06  6.31492573465961e-06
318 8.73723210805187e-06  4.1958380445831e-06  5.93381835684519e-06
319 8.2336962972049e-06  5.10871946390916e-06  5.45087968827832e-06
320 7.67955086356888e-06  5.93815942119707e-06  4.88546237456145e-06
321 7.10520467286821e-06  6.63832156767576e-06  4.26062590632873e-06
322 6.54579522997811e-06  7.18412754869746e-06  3.6047450327088e-06
323 6.04002880844618e-06  7.56191082566198e-06  2.95555760323411e-06
324 5.62699200817896e-06  7.76570592573993e-06  2.36939669593974e-06
325 5.33973468149091e-06  7.79552444436825e-06  1.93644308792256e-06
326 5.19627587506708e-06  7.65638408990552e-06  1.77288759878718e-06
327 5.19247716138282e-06  7.35763883260221e-06  1.91971652593681e-06
328 5.30251000654661e-06  6.91243940174541e-06  2.27531533912564e-06
329 5.48731076679697e-06  6.33727265332371e-06  2.71172739099957e-06
330 5.70518216154907e-06  5.65160208562722e-06  3.1484435853721e-06
331 5.91914210515234e-06  4.87772603396598e-06  3.54197263170361e-06
332 6.09999462347791e-06  4.04119500606759e-06  3.86824543712264e-06
333 6.22666053626002e-06  3.17285952742055e-06  4.11355211119357e-06
334 6.28537639414109e-06  2.316522565757e-06  4.2704664353219e-06
335 6.26865576355732e-06  1.55956420800116e-06  4.33593696378955e-06
336 6.17436013454937e-06  1.14016463471745e-06  4.31029524228527e-06
337 6.00496633117716e-06  1.35896106195385e-06  4.19666347189748e-06
338 5.76702774478584e-06  1.95338290564339e-06  4.0005447382436e-06
339 5.47080970437971e-06  2.61706690052577e-06  3.72950745357679e-06
340 5.13008224649436e-06  3.24466587817791e-06  3.39293996566158e-06
341 4.76204542496575e-06  3.79654999407892e-06  3.00190080467143e-06
342 4.38730818748257e-06  4.25312700960101e-06  2.56916680392601e-06
343 4.02968457867679e-06  4.60342976465609e-06  2.10977734940864e-06
344 3.71524940066337e-06  4.84167455852359e-06  1.64301016070132e-06
345 3.4697049546319e-06  4.96597217416775e-06  1.1991186387445e-06
346 3.31328881402904e-06  4.97771582103217e-06  8.42626726430949e-07
347 3.25430168351779e-06  4.88120243182643e-06  7.14834908087143e-07
348 3.28519784973357e-06  4.68333973609799e-06  8.89764270407452e-07
349 3.38484567391759e-06  4.39339499800377e-06  1.21103101003739e-06
350 3.52554272494723e-06  4.02279156062013e-06  1.556988219851e-06
351 3.67995778816044e-06  3.5850065055399e-06  1.88115895229095e-06
352 3.82508822182335e-06  3.09571047421641e-06  2.1638560447376e-06
353 3.94346116470759e-06  2.57351903912707e-06  2.39496388963972e-06
354 4.02289534743988e-06  2.04241839030452e-06  2.56888960464135e-06
355 4.05580082115394e-06  1.53919473994926e-06  2.68285829961218e-06
356 4.03846507258953e-06  1.13513426445331e-06  2.73622411759346e-06
357 3.9704653197623e-06  9.66278115099746e-07  2.73012944565711e-06
358 3.85422342940135e-06  1.11590516339655e-06  2.66729570164837e-06
359 3.69468663033266e-06  1.45288081094956e-06  2.55187164028676e-06
360 3.49911623768871e-06  1.83834430839051e-06  2.3893202510454e-06
361 3.27697026563905e-06  2.20860142018595e-06  2.18635697260487e-06
362 3.03985643960109e-06  2.5352926104348e-06  1.9509874382137e-06
363 2.80148666303683e-06  2.80384220857583e-06  1.69276024665226e-06
364 2.57744642283927e-06  3.00615216549546e-06  1.42350633998784e-06
365 2.38437950648575e-06  3.13798826594662e-06  1.1592043692953e-06
366 2.23799699417978e-06  3.19790147998484e-06  9.2424448898425e-07
367 2.14962515586984e-06  3.18669531891748e-06  7.58104589242555e-07
368 2.12236259436216e-06  3.10710123164008e-06  7.08943994815957e-07
369 2.14942215673286e-06  2.96353729746863e-06  7.85809908817907e-07
370 2.21631522464622e-06  2.7619050132508e-06  9.40507831595458e-07
371 2.30537942129502e-06  2.50941608179275e-06  1.12190980484766e-06
372 2.39977331540789e-06  2.21447037933479e-06  1.29974702058241e-06
373 2.48558059328358e-06  1.88665575986021e-06  1.45788957791464e-06
374 2.55236485664999e-06  1.53707604449779e-06  1.58740535790974e-06
375 2.5929610653182e-06  1.17968859776039e-06  1.68322313868361e-06
376 2.60303797053643e-06  8.36346159384069e-07  1.74265614834683e-06
377 2.5806680387097e-06  5.57377975900814e-07  1.76470915923332e-06
378 2.52597662121616e-06  4.70955728168576e-07  1.74971415534336e-06
379 2.44087811476998e-06  6.3551575824555e-07  1.69910881067742e-06
380 2.32889062191247e-06  8.98334500269701e-07  1.61528075115168e-06
381 2.1950211687963e-06  1.1689367274666e-06  1.50144734203588e-06
382 2.04571527624258e-06  1.41752708379922e-06  1.36156529584765e-06
383 1.88885542806699e-06  1.63164398121492e-06  1.20028576635596e-06
384 1.73375375692642e-06  1.80471803420317e-06  1.02300773460435e-06
385 1.59098464120923e-06  1.93305408090745e-06  8.3618125507372e-07
386 1.4717283331729e-06  2.01485004407927e-06  6.48333785256942e-07
387 1.38617236427232e-06  2.0497993604374e-06  4.73456224737516e-07
388 1.34087849299271e-06  2.03888405703916e-06  3.41684671804902e-07
389 1.33621111227262e-06  1.98423465493234e-06  3.10115569870633e-07
390 1.36582473689572e-06  1.8890153733656e-06  3.91546501957338e-07
391 1.41889178376081e-06  1.75732435697726e-06  5.22701496777954e-07
392 1.48339769787156e-06  1.59411668986773e-06  6.6098618753517e-07
393 1.54854947575434e-06  1.4051796975212e-06  7.89493994292787e-07
394 1.60579429639762e-06  1.19723710019027e-06  9.00705975159695e-07
395 1.64892898357392e-06  9.78390875241347e-07  9.90677073660243e-07
396 1.67384406390299e-06  7.59537073709378e-07  1.05723174749012e-06
397 1.67819995553993e-06  5.58849429041553e-07  1.09932545912826e-06
398 1.66114435688351e-06  4.14533453309126e-07  1.11677665695455e-06
399 1.62309363988022e-06  3.90346794771977e-07  1.11012991211614e-06
400 1.56557337244014e-06  4.90477612105116e-07  1.08056997067261e-06
401 1.49110910054021e-06  6.44093734796914e-07  1.02985887889798e-06
402 1.4031611325658e-06  8.0498529245358e-07  9.60289495947166e-07
403 1.3060979714703e-06  9.53922716793997e-07  8.74661694490949e-07
404 1.20519459532929e-06  1.08203579145747e-06  7.7630327038818e-07
405 1.10661109160674e-06  1.18459013435047e-06  6.69188864541815e-07
406 1.01723559725933e-06  1.25895603315114e-06  5.5828519653379e-07
407 9.44164588397996e-07  1.30386259860634e-06  4.50432544691009e-07
408 8.9355425954572e-07  1.31907441412413e-06  3.56381324898988e-07
409 8.68902070300264e-07  1.30522015639912e-06  2.93781054378792e-07
410 8.69601054709608e-07  1.26367927113063e-06  2.82539614017816e-07
411 8.90960480729831e-07  1.19649207193643e-06  3.22073396123131e-07
412 9.25825006804554e-07  1.10628191456152e-06  3.89702826347178e-07
413 9.6660720727693e-07  9.96190587746852e-07  4.65312262596864e-07
