1 0.233195813710265  0.179737664052074  0.168620276509372
2 0.257244156117719  0.150501689570352  0.141410113118854
3 0.254970613391341  0.12717212496955  0.110877031938605
4 0.177109305073393  0.159423595237419  0.13603987816681
5 0.138805815042113  0.16290642711566  0.135560223520624
6 0.140593858735239  0.153051408879476  0.125043608568613
7 0.139123777259836  0.13887872771861  0.117038222755432
8 0.128929342191541  0.129695534967563  0.109656877508928
9 0.116027385240523  0.120891019505682  0.100576468412376
10 0.109645208751604  0.108272042635131  0.0876801004929521
11 0.114301359755406  0.0885051454974663  0.069987805550211
12 0.122929938263096  0.059015348228561  0.04944436371626
13 0.116562749416093  0.0420120040878347  0.0435808778339583
14 0.0928908977775561  0.0569551215616133  0.0526109048162189
15 0.07481028420491  0.0622313737273516  0.0558047408030939
16 0.0622771739405574  0.0624260009485932  0.057758838934947
17 0.0501663348211565  0.0607782451657657  0.059624397956465
18 0.0421681947297348  0.0563677147261746  0.0589975934338336
19 0.0424595885201809  0.0496129228524037  0.0546915938173275
20 0.0500863865361991  0.0406398945825461  0.0462996663166689
21 0.0593818354929717  0.0299658683134283  0.0339601542965283
22 0.0638089318129138  0.0225445025277364  0.0200690681371305
23 0.0599794555160717  0.0253333886184672  0.0136213368716574
24 0.0499432387252009  0.0315001722480794  0.0200061517494637
25 0.0387880907215129  0.0344672962714377  0.0260673139783621
26 0.0300399821102044  0.0345915945134328  0.0284205011917989
27 0.02465370486825  0.0333710248917965  0.0280282127776159
28 0.0223793586861455  0.0314602018075242  0.0260905985007948
29 0.0230814730419483  0.0286630171822065  0.0232357409266349
30 0.0260887609581465  0.0246486902243904  0.0195984851791194
31 0.0295570229182063  0.0196752140218819  0.0153160873900782
32 0.0315949145792021  0.0149029315300095  0.0111165137053249
33 0.0311722601769944  0.012318611902553  0.00888244572018042
34 0.028236918424221  0.0130109081141621  0.0101793264120422
35 0.0234137526375824  0.0153833453268788  0.012976076307825
36 0.0177049163569425  0.017464208422034  0.0152034984514989
37 0.0123581220074308  0.0182636080169976  0.0163556735461256
38 0.00918377078895782  0.0175079205311378  0.0165254841290699
39 0.00991367621086281  0.0153454420615362  0.0157930716528411
40 0.0129887968948633  0.0121314467881677  0.0141600538494321
41 0.0160953740699617  0.00830588191146346  0.0117491139116142
42 0.0180862733703676  0.00461315364070989  0.00902272789179895
43 0.0184142504095697  0.00367176382072137  0.00693515071998907
44 0.0169795119493687  0.00633345359036032  0.00652006143063449
45 0.0141225666156211  0.00907158462177508  0.00738062760265416
46 0.0105092720363547  0.0108828521281113  0.00827024614266105
47 0.0070270908946472  0.0116337393662841  0.00857466781905133
48 0.00502269563989591  0.0114363577169947  0.00821061781490659
49 0.00567236698863666  0.0104718759719373  0.00730883383448481
50 0.00757066326964892  0.00893204026670786  0.00607119079752656
51 0.00927701811549783  0.00703812737840138  0.00475493601951792
52 0.0102838451443637  0.00511084141077469  0.00374833283463232
53 0.0104309305368052  0.00370204780463394  0.00353460396596057
54 0.00973669998008724  0.00349284793879283  0.00410722933452347
55 0.00836449227444826  0.00421748929490503  0.00491363237913417
56 0.00660116482818766  0.00501514389575576  0.00553550995795821
57 0.00485924218487074  0.00547540478953409  0.00579600154279012
58 0.00374294679068788  0.00550501172076956  0.00565744745108688
59 0.00379060115662075  0.00514336018880378  0.00515716434198028
60 0.00461148749376337  0.00449701168690534  0.00437458187021204
61 0.00548069338532891  0.00372817875165173  0.00342083149089125
62 0.00603408242116996  0.0030695327362884  0.0024571925581982
63 0.00614139829910138  0.00279124626178773  0.00177104150216471
64 0.00579027881993827  0.00297148325929774  0.00174524122732489
65 0.00504918407154892  0.00337502557877791  0.00222628805365137
66 0.00405737245566063  0.00373260707345682  0.00274990992258691
67 0.00303854140417091  0.0038964204728081  0.0030930311640435
68 0.00235497565441645  0.00381703096104131  0.00318318709324442
69 0.00237900548986043  0.00350535536332403  0.00301564804885377
70 0.00292316459146699  0.00301045744549327  0.00262552260576826
71 0.00353059226444913  0.00241213719756766  0.00207701629551028
72 0.00395669360383559  0.00183227680337992  0.00146690896773381
73 0.00410869336952073  0.00146406803590236  0.000972672170835636
74 0.00396778000015106  0.0014868643899986  0.000918795207428409
75 0.00356054745806576  0.00179082236446878  0.00127170326828255
76 0.00294820755208585  0.00213372176027393  0.00167232032566656
77 0.00222595644437918  0.00237739747910539  0.00196676865942321
78 0.00154723548916287  0.00246591419568854  0.00210918542499624
79 0.00119902556751065  0.00238585675084253  0.00209472208163272
80 0.00140063374999076  0.00214932338848548  0.00194251022139007
81 0.00184949266516389  0.00178629419284083  0.00168973470725228
82 0.00225568804012841  0.00134200195823453  0.00138975738063225
83 0.00251252537626806  0.000885372857307264  0.0011134625834773
84 0.00258936433650616  0.00056873238706756  0.000943840871560068
85 0.00249167927315309  0.000650469936784254  0.000925480100609786
86 0.00224852923377616  0.000966639822560729  0.00100430865584635
87 0.0019072359180863  0.00127528923612021  0.00108849530920871
88 0.00153204968811669  0.00150563126281244  0.00111983807787538
89 0.00120739341511545  0.00163939975221162  0.00107631271252593
90 0.0010316715782257  0.00167765767959486  0.000959734070291696
91 0.00104748036988046  0.00163197480284816  0.000789376832515563
92 0.0011770418762995  0.00151986146497108  0.00060370937991494
93 0.00131756387517549  0.00136132224985181  0.000473937536410176
94 0.00141381357767076  0.00117626585512559  0.000486544351962419
95 0.00144921237122898  0.000983182483282138  0.000617535619214937
96 0.00142866581510776  0.000799816167846433  0.000773629780793099
97 0.00136824544934185  0.000646591807075624  0.000900628534307638
98 0.00128811749885064  0.000550854099127977  0.000975068764036713
99 0.00120640010152309  0.000538204986978708  0.000988390619815584
100 0.00113401656351952  0.000603630192811068  0.00094094444515208
101 0.00107246453945858  0.000712331275714606  0.00083935743043546
102 0.00101616102110555  0.00083030667992222  0.000694908896522162
103 0.000958085643264593  0.000934345048857196  0.000522632618546568
104 0.000895305191204561  0.00100904122595985  0.000342807636395264
105 0.00083196687639838  0.00104424734385314  0.000196943312370307
106 0.000778959208193659  0.00103421144617812  0.00019474781350193
107 0.000749528480284574  0.00097741654752348  0.000312734995620049
108 0.000751190244660136  0.000876560702955376  0.000436591437117965
109 0.000779395606339638  0.000738593538122352  0.000535105102306329
110 0.000819617215255689  0.000575281678821609  0.000599933432531332
111 0.000854971450004463  0.000406520664869002  0.000629090388219977
112 0.000872016483035349  0.000275723395598654  0.000623822300080898
113 0.000862872772046713  0.000268204741938544  0.000587553846886848
114 0.000825361350274917  0.000376791351598544  0.00052534619460438
115 0.000762567948166014  0.000509366350093481  0.000443665502409686
116 0.000682441347863813  0.000624129682904686  0.000350684894891838
117 0.000597606525679492  0.000705694656981331  0.000258122991543504
118 0.000524879264319233  0.000747697330620431  0.000187605862041214
119 0.000481982753644938  0.000748538285061848  0.000174929492407982
120 0.00047827793578857  0.00071008257352786  0.000222687159465577
121 0.000506591722702588  0.000637044444243791  0.000291378960180711
122 0.000549190039484671  0.000536634660767755  0.000356312944000676
123 0.000589495148536004  0.000418670681051828  0.000407173510095801
124 0.000616859286526261  0.00029743250684083  0.000439170242106625
125 0.000626211268946858  0.000200695032484095  0.000450101711565783
126 0.00061668386970943  0.000183843883638864  0.000439474897197895
127 0.000590458364785209  0.000251167192502218  0.000408199483102304
128 0.000551877527437456  0.000340168240456221  0.000358451163055583
129 0.000506708986991199  0.00041989127941428  0.000293613280559725
130 0.000461440801403361  0.000479685465370494  0.000218419625657024
131 0.000422444359141093  0.00051550870976825  0.000140212570304517
132 0.000394818097126262  0.000526321145762573  7.85525111183552e-05
133 0.00038103324435535  0.000512950098785921  8.97611678606579e-05
134 0.000380190487740651  0.000477577855620626  0.000151308712639216
135 0.000388703216462149  0.000423457585058172  0.000213950190534036
136 0.000401926061241262  0.000354809627220706  0.000265640557507261
137 0.000415488889721132  0.000277060886759321  0.000302216289640917
138 0.00042584765298793  0.000198198127110037  0.000321887372523243
139 0.000430353602951617  0.000134515645668633  0.000324325976365411
140 0.000427217939382939  0.00012076906023942  0.000310384715089496
141 0.000415539808799713  0.000164014851266913  0.000281915814809557
142 0.000395416630754906  0.000224745379254554  0.000241616092157016
143 0.000368106212449389  0.000281430040677901  0.000192950057474517
144 0.000336205298047844  0.000326089866086709  0.000140409109447853
145 0.000303776421513403  0.000355099801337672  9.1341327429944e-05
146 0.000276180039986036  0.000366818730512318  6.4183956374333e-05
147 0.000258997113186154  0.00036096198033799  8.10114827979981e-05
148 0.000255555874348594  0.000338382465121184  0.000118381757880292
149 0.000264593321606285  0.000300959772385194  0.000155306426238576
150 0.000280904264308333  0.000251554757089753  0.000185385763078141
151 0.000298266437120456  0.000194156485782369  0.000206317215367238
152 0.000311594777387072  0.000134876497432048  0.00021724808366215
153 0.000317576191933085  8.71034626834829e-05  0.0002181461183563
154 0.000314588796201473  8.19627734057688e-05  0.000209587804985153
155 0.000302482141962032  0.000120105383792349  0.000192663594713975
156 0.000282400121740497  0.000167197103350735  0.000168946866220306
157 0.000256681357583384  0.000208915735891509  0.000140560244869876
158 0.000228828115236472  0.000240299320921136  0.000110493324253628
159 0.000203428917593547  0.000259155358134826  8.36067890013072e-05
160 0.000185581927454371  0.000264645498844701  6.84009232325919e-05
161 0.000179059029031948  0.000256899949681732  7.26610989303943e-05
162 0.0001838199756828  0.00023685276321636  9.09488323873589e-05
163 0.00019588524872246  0.000206133438594807  0.000112881024130116
164 0.000209998230505583  0.000166999820466112  0.000132595173803886
165 0.000221845837140457  0.000122416126355705  0.000147311128174103
166 0.000228649941090835  7.69213853099522e-05  0.000155659836948542
167 0.000229003613825835  4.3417903345913e-05  0.000157057449456441
168 0.000222605960493707  5.47924144363972e-05  0.000151479207443822
169 0.000210068959237709  9.14433459660351e-05  0.000139362979963261
170 0.000192807396703577  0.000127702816934359  0.000121561681595078
171 0.000172997930102525  0.000157569606517283  9.93410957235229e-05
172 0.000153563176641375  0.000178838977281657  7.45125377294839e-05
173 0.000137990361304196  0.000190486740396335  5.0163043803336e-05
174 0.000129508250719171  0.0001922250338417  3.4049742760129e-05
175 0.000129414933130866  0.0001843736546156  3.91134629473921e-05
176 0.000136034027135957  0.000167788856656078  5.77976659457671e-05
177 0.000145875681691478  0.000143807008822859  7.77685395581121e-05
178 0.000155533118045371  0.000114222825394983  9.47481960092204e-05
179 0.000162563797090483  8.14344770255171e-05  0.000107075676444494
180 0.00016553838699299  4.95610574018677e-05  0.000113976579878987
181 0.000163863368915925  3.18400803157179e-05  0.000115181711439418
182 0.000157621568029561  4.70827180090019e-05  0.000110814874245456
183 0.000147470395660758  7.39370177027499e-05  0.000101341493693563
184 0.000134590790344062  9.90850600330018e-05  8.75372058256748e-05
185 0.000120670946884873  0.000119147761163292  7.04881353837562e-05
186 0.000107868144812457  0.000132754153116885  5.1714870397127e-05
187 9.85602867411444e-05  0.000139296320505381  3.38874127169084e-05
188 9.45802007201059e-05  0.00013868151748893  2.40070324577685e-05
189 9.61289696143982e-05  0.000131247657041683  3.06737367842951e-05
190 0.000101561745125791  0.000117710643413302  4.51897924976124e-05
191 0.000108444385131564  9.91235465534032e-05  5.96109640327767e-05
192 0.000114628827868027  7.68720153857496e-05  7.13975765909064e-05
193 0.00011863997853732  5.28476394590905e-05  7.95354457280378e-05
194 0.00011965454317092  3.07481442700049e-05  8.35754285815074e-05
195 0.000117390024103704  2.3382341131234e-05  8.34146860150054e-05
196 0.000112013364945038  3.84376656199988e-05  7.92246624899808e-05
197 0.000104085147428672  5.80504064317603e-05  7.14130016527022e-05
198 9.45349598248125e-05  7.55159486274018e-05  6.05985288183935e-05
199 8.46535332086464e-05  8.89819988202308e-05  4.76125520792237e-05
200 7.60430449175106e-05  9.76407904069963e-05  3.36115605342452e-05
201 7.03581985779645e-05  0.000101160342592181  2.07948384999733e-05
202 6.865573002348e-05  9.95582608556151e-05  1.56848778501278e-05
203 7.06995111986757e-05  9.31521601581398e-05  2.31478327442054e-05
204 7.50824623689902e-05  8.25261644368075e-05  3.43217663127679e-05
205 8.00697743048213e-05  6.85091755718226e-05  4.46318916887772e-05
206 8.42395851776706e-05  5.21978698657269e-05  5.27392927251838e-05
207 8.66569929855362e-05  3.51957115954572e-05  5.80850379800573e-05
208 8.68316838254832e-05  2.11374836510039e-05  6.04362995973591e-05
209 8.46414510711121e-05  2.01363759083788e-05  5.97827421137865e-05
210 8.02744741249297e-05  3.19387914606735e-05  5.62992098332854e-05
211 7.4195895756222e-05  4.55735118767154e-05  5.03244299156782e-05
212 6.71348538767467e-05  5.74124530889145e-05  4.23502602195776e-05
213 6.00780672945161e-05  6.62779303354405e-05  3.30412655584839e-05
214 5.42143928900181e-05  7.16437082504997e-05  2.33784881377983e-05
215 5.06924693087614e-05  7.331388487561e-05  1.5370503827747e-05
216 5.0102756812423e-05  7.13399533116182e-05  1.36511361314925e-05
217 5.2058228049136e-05  6.59845318115903e-05  1.92262262088825e-05
218 5.54363103020549e-05  5.76963934323858e-05  2.67666171851285e-05
219 5.90032001883013e-05  4.70959717643435e-05  3.36481651956695e-05
220 6.17980464532093e-05  3.50012745278198e-05  3.896428327098e-05
221 6.32098570729364e-05  2.26616411890497e-05  4.23239951849351e-05
222 6.29365125653459e-05  1.33504124656007e-05  4.35723413125445e-05
223 6.09328240151416e-05  1.52554237871594e-05  4.27152764320286e-05
224 5.73745210421457e-05  2.47759787324459e-05  3.98902958674276e-05
225 5.26400503664224e-05  3.46518420631398e-05  3.53498805690538e-05
226 4.73074450656187e-05  4.29378645610282e-05  2.94543276072781e-05
227 4.21533422608503e-05  4.89467271801274e-05  2.26905713017377e-05
228 3.80995146337723e-05  5.23623724888611e-05  1.57980103995954e-05
229 3.59814193777198e-05  5.30831106210632e-05  1.03847190052031e-05
230 3.61062264579733e-05  5.11780773974794e-05  9.94506700248904e-06
231 3.80029883261834e-05  4.6865675063351e-05  1.43453449574758e-05
232 4.07384327019295e-05  4.04977682819708e-05  1.97730938634532e-05
233 4.34026918880765e-05  3.25532489075695e-05  2.46072553752054e-05
234 4.53352669125296e-05  2.36727675764107e-05  2.82760973453727e-05
235 4.61414357961663e-05  1.4915480243589e-05  3.05278769094731e-05
236 4.56499166498356e-05  9.37476390528142e-06  3.12666616907919e-05
237 4.38738007308466e-05  1.2462814485629e-05  3.05072334548484e-05
238 4.09858877573849e-05  1.96020613438303e-05  2.83570347848867e-05
239 3.73077323901594e-05  2.65766590232058e-05  2.50063004902699e-05
240 3.33097524534754e-05  3.22696876948971e-05  2.07259931760149e-05
241 2.96087273252095e-05  3.62489497599227e-05  1.58894161206853e-05
242 2.69077885595266e-05  3.83180924884117e-05  1.10896404676135e-05
243 2.57736360586656e-05  3.84290240449486e-05  7.63786992202867e-06
244 2.62882026712705e-05  3.66545618852415e-05  7.86009505158258e-06
245 2.79621380858742e-05  3.31732373754471e-05  1.10972368821021e-05
246 3.00647403562642e-05  2.82578825372218e-05  1.49011289259079e-05
247 3.19583557737377e-05  2.22725990353865e-05  1.8240530947034e-05
248 3.32093682435211e-05  1.57086350497165e-05  2.07257421351324e-05
249 3.35754748065495e-05  9.44990972498211e-06  2.21824833494104e-05
250 3.29702235081173e-05  6.41793425913753e-06  2.25474405001571e-05
251 3.14358722098368e-05  9.85561925925566e-06  2.18373427986882e-05
252 2.91278336324443e-05  1.52340450740361e-05  2.01358224919191e-05
253 2.63094722666662e-05  2.01955895910414e-05  1.758602049178e-05
254 2.33547984822182e-05  2.41222041350199e-05  1.43893030429957e-05
255 2.07447077414725e-05  2.67550836026632e-05  1.08236566337818e-05
256 1.90033332347548e-05  2.79800052253264e-05  7.34704849667062e-06
257 1.84934534815933e-05  2.77829769264385e-05  5.05401614549911e-06
258 1.91619287510833e-05  2.62346664061769e-05  5.69641915813213e-06
259 2.05626551206281e-05  2.34806085390666e-05  8.27267839373079e-06
260 2.21477696838057e-05  1.9734009227939e-05  1.10549262666922e-05
261 2.34798488255066e-05  1.52770765675389e-05  1.34198593340412e-05
262 2.42777406077031e-05  1.05034783966833e-05  1.51294608423282e-05
263 2.43953979807613e-05  6.21199436483889e-06  1.60773725697115e-05
264 2.37951150750897e-05  4.99459966598856e-06  1.62302486235076e-05
265 2.25292753934823e-05  8.01566925811448e-06  1.56099697731239e-05
266 2.07307504359713e-05  1.18962276361836e-05  1.42856250824949e-05
267 1.86108483669883e-05  1.53540439024201e-05  1.23690598591135e-05
268 1.64623593563492e-05  1.80155792129104e-05  1.00156901555295e-05
269 1.46530663754595e-05  1.97166779545185e-05  7.4437617781794e-06
270 1.35612510648194e-05  2.03895984625333e-05  5.03291357995273e-06
271 1.34007372082912e-05  2.00369295036631e-05  3.69225012207989e-06
272 1.40549645206971e-05  1.87212391325355e-05  4.47181338925161e-06
273 1.51560880369627e-05  1.65580807977355e-05  6.37475971689508e-06
274 1.63099536633459e-05  1.37111887672424e-05  8.32797748280866e-06
275 1.72214565518573e-05  1.03958583947611e-05  9.94831092517212e-06
276 1.77090712437712e-05  6.92333197628255e-06  1.10819144932429e-05
277 1.76852257701763e-05  4.01167190822157e-06  1.16608291516456e-05
278 1.7137501664387e-05  3.85167265907898e-06  1.16676673410875e-05
279 1.61167410978923e-05  6.3480135700597e-06  1.1124052205697e-05
280 1.4731434082915e-05  9.15304138512681e-06  1.00850544316166e-05
281 1.31476662801053e-05  1.15702766041364e-05  8.63617889918637e-06
282 1.15922671534497e-05  1.33768743798313e-05  6.89488429164943e-06
283 1.03448774422052e-05  1.44714778278217e-05  5.02874624703538e-06
284 9.67626332229182e-06  1.4816252917623e-05  3.34730548356395e-06
285 9.70355374015398e-06  1.44222654929868e-05  2.60472144344869e-06
286 1.02897399026669e-05  1.33429401110724e-05  3.3947772894392e-06
287 1.11429732162724e-05  1.16693611326236e-05  4.81650368529081e-06
288 1.1981974574395e-05  9.52754639048084e-06  6.20086497663142e-06
289 1.26072804949044e-05  7.08396798501148e-06  7.31786958917412e-06
290 1.29013542018771e-05  4.59373924119372e-06  8.0721624398376e-06
291 1.28124117847046e-05  2.72393396997337e-06  8.42268824960694e-06
292 1.23413359803634e-05  3.1127622787191e-06  8.36250369008558e-06
293 1.15339052975923e-05  5.03179386581488e-06  7.91178962043973e-06
294 1.04775847336706e-05  7.02544356231573e-06  7.11433337920168e-06
295 9.30241122063244e-06  8.69890507216144e-06  6.03587690919444e-06
296 8.18362418239951e-06  9.91240943357092e-06  4.76660726583816e-06
297 7.33239427199819e-06  1.06018353948437e-05  3.43926822593295e-06
298 6.9385579661407e-06  1.07465813120178e-05  2.31357083162098e-06
299 7.05563106791049e-06  1.03605722864331e-05  1.97310630407111e-06
300 7.54906949882835e-06  9.48778266689111e-06  2.65085673718961e-06
301 8.19506376219496e-06  8.19892002666673e-06  3.67189545448467e-06
302 8.79575299110247e-06  6.58989196850936e-06  4.63312721485005e-06
303 9.21714735243128e-06  4.78811035692137e-06  5.39039625198728e-06
304 9.38359609487735e-06  3.00163344910315e-06  5.88179569698608e-06
305 9.26541024475045e-06  1.84530383846614e-06  6.08158356567435e-06
306 8.86990368377352e-06  2.46479705001959e-06  5.98777850352052e-06
307 8.23638208419791e-06  3.92196125995952e-06  5.61755504150824e-06
308 7.43447407540619e-06  5.34296548515279e-06  5.00483832873838e-06
309 6.56552332367434e-06  6.50382201653558e-06  4.19934616117802e-06
310 5.76470811528446e-06  7.31828566792709e-06  3.26927052333562e-06
311 5.19098833653994e-06  7.74697099373945e-06  2.31815838607268e-06
312 4.97499615644138e-06  7.78008419548825e-06  1.56170757899964e-06
313 5.13015774358436e-06  7.43209469198888e-06  1.45075569258576e-06
314 5.53460862174227e-06  6.73877374774531e-06  2.01758548998311e-06
315 6.01990984091421e-06  5.75496992707064e-06  2.76046052267753e-06
316 6.4481022470093e-06  4.55407059777591e-06  3.43478688610862e-06
317 6.72975863666117e-06  3.23520853879326e-06  3.95188729815455e-06
318 6.81677812339359e-06  1.9747290985622e-06  4.27288649290312e-06
319 6.69321628375212e-06  1.33380842280312e-06  4.38253951149224e-06
320 6.3691973789289e-06  1.97929293092907e-06  4.28192172239969e-06
321 5.87771220596391e-06  3.05259585372688e-06  3.98555499213941e-06
322 5.27386883582002e-06  4.05484928355507e-06  3.51987726508779e-06
323 4.6363968319379e-06  4.85340971151029e-06  2.92286955056642e-06
324 4.06903963448172e-06  5.39359568341927e-06  2.24699734691285e-06
325 3.68987017460861e-06  5.65113021785795e-06  1.57531604534938e-06
326 3.58520910417745e-06  5.62229302695889e-06  1.08896174765187e-06
327 3.74464925269377e-06  5.32054014463569e-06  1.10896717032579e-06
328 4.0649080277725e-06  4.77444602755171e-06  1.55453075366899e-06
329 4.422574406247e-06  4.02617992393981e-06  2.08479601686507e-06
330 4.72282857026503e-06  3.13155360911515e-06  2.55208445535003e-06
331 4.906529542768e-06  2.16754247900736e-06  2.90050103795336e-06
332 4.94349825267852e-06  1.28512024992721e-06  3.10519024495678e-06
333 4.82598987699843e-06  9.8307206469582e-07  3.15717980586989e-06
334 4.56462632217359e-06  1.56796103684551e-06  3.05888525402352e-06
335 4.18640173844242e-06  2.35325588596525e-06  2.82222320674274e-06
336 3.73449745310289e-06  3.05946032175537e-06  2.46759500386358e-06
337 3.26974240289051e-06  3.60770639458233e-06  2.02382113410659e-06
338 2.87134873660863e-06  3.96370652498538e-06  1.53105136975279e-06
339 2.62604172609661e-06  4.11297311133489e-06  1.05585234937598e-06
340 2.58840907390861e-06  4.05527622057505e-06  7.50472621386601e-07
341 2.73584382553869e-06  3.80252232966832e-06  8.36446983713054e-07
342 2.98455281969672e-06  3.37735075004583e-06  1.18347100731413e-06
343 3.24566323480073e-06  2.81215002505544e-06  1.56360662470609e-06
344 3.45455902852883e-06  2.14958590343983e-06  1.88826846249862e-06
345 3.57237866672162e-06  1.45054694291683e-06  2.12283967669218e-06
346 3.5804728614645e-06  8.48787116346838e-07  2.25190360657219e-06
347 3.47585501366191e-06  7.61918776988799e-07  2.2706186936634e-06
348 3.26850936357927e-06  1.24263507618628e-06  2.18203147362221e-06
349 2.98017830076674e-06  1.80826634643737e-06  1.99587952275203e-06
350 2.64448474642508e-06  2.30206436418715e-06  1.72796280542831e-06
351 2.30821798201581e-06  2.67554088559251e-06  1.40033049189552e-06
352 2.03143410869155e-06  2.90690078292562e-06  1.04421526402417e-06
353 1.87676172264685e-06  2.98763147834948e-06  7.14280961441379e-07
354 1.87646371561165e-06  2.91922255740185e-06  5.36753778150161e-07
355 2.0035015317567e-06  2.71176671586504e-06  6.45362684262448e-07
356 2.19248991809186e-06  2.38297733541962e-06  9.05899788434797e-07
357 2.38052118945731e-06  1.95756240244411e-06  1.17449823918926e-06
358 2.52391278624614e-06  1.46802460161298e-06  1.3975609368419e-06
359 2.59727138953089e-06  9.62737347085484e-07  1.55325608217832e-06
360 2.58926026820546e-06  5.61565325000318e-07  1.63195292897012e-06
361 2.49948843311806e-06  5.95245256578393e-07  1.63120158135134e-06
362 2.33674832490277e-06  9.73896341558177e-07  1.55406667610693e-06
363 2.11830810447833e-06  1.37970950928135e-06  1.40834045654825e-06
364 1.87019510762917e-06  1.72432232434322e-06  1.20615183935613e-06
365 1.62827851251673e-06  1.97783164695025e-06  9.64283426566544e-07
366 1.43786628839788e-06  2.12653986776099e-06  7.07008256016656e-07
367 1.34352668129664e-06  2.16569980188088e-06  4.794177961221e-07
368 1.36249992260814e-06  2.09757846260184e-06  3.84797345764349e-07
369 1.46780623627468e-06  1.93053674877091e-06  4.93845492733974e-07
370 1.60969629659132e-06  1.67835373936637e-06  6.87943161407697e-07
371 1.74412409604256e-06  1.35986924052166e-06  8.77754065284334e-07
372 1.84172425225407e-06  9.99995393282242e-07  1.030900444804e-06
373 1.88601288642437e-06  6.37992705209899e-07  1.1337574772565e-06
374 1.87027722056958e-06  3.82937159412783e-07  1.18046522094129e-06
375 1.7954695976279e-06  4.73200278405325e-07  1.17003102731465e-06
376 1.66906308645939e-06  7.60336371051528e-07  1.10530930587145e-06
377 1.50466146293005e-06  1.04896288143923e-06  9.92496127759564e-07
378 1.32234466126261e-06  1.28805996124397e-06  8.40911638937459e-07
379 1.14952714267138e-06  1.45881819386483e-06  6.63414371492889e-07
380 1.02014226496909e-06  1.55261420150195e-06  4.79158118851398e-07
381 9.65229100553118e-07  1.56695923093875e-06  3.25912678246428e-07
382 9.9223030888036e-07  1.5043111844751e-06  2.8473341159356e-07
383 1.07672914754923e-06  1.37144999782353e-06  3.81088113989083e-07
384 1.18177031328774e-06  1.17900881574242e-06  5.22781464016565e-07
385 1.27685960873208e-06  9.41294347483992e-07  6.55665141586881e-07
386 1.34237621480387e-06  6.77406389991652e-07  7.59895172467147e-07
387 1.36770149230139e-06  4.19594328130497e-07  8.26873798893645e-07
388 1.34900443829285e-06  2.66828469305894e-07  8.5305586489329e-07
389 1.28783065067186e-06  3.74805731936803e-07  8.38238381547709e-07
390 1.19036775075262e-06  5.88823207459811e-07  7.84917631678377e-07
391 1.06725379751864e-06  7.93449998760498e-07  6.97958180937477e-07
392 9.33931991223728e-07  9.58859204246978e-07  5.84482577033519e-07
