0.005 0.0314107590781309
0.015 0.0941083133185165
0.025 0.156434465040233
0.035 0.218143241396544
0.045 0.27899110603923
0.055 0.338737920245292
0.065 0.397147890634781
0.075 0.453990499739547
0.085 0.509041415750371
0.095 0.56208337785213
0.105 0.612907053652978
0.115 0.661311865323653
0.125 0.707106781186549
0.135 0.75011106963046
0.145 0.790155012375691
0.155 0.827080574274562
0.165 0.860742027003944
0.175 0.891006524188368
0.185 0.917754625683981
0.195 0.940880768954225
0.205 0.960293685676944
0.215 0.975916761938748
0.225 0.987688340595138
0.235 0.99556196460308
0.245 0.999506560365732
0.255 0.999506560365731
0.265 0.99556196460308
0.275 0.987688340595138
0.285 0.975916761938747
0.295 0.960293685676943
0.305 0.940880768954225
0.315 0.91775462568398
0.325 0.891006524188367
0.335 0.860742027003943
0.345 0.827080574274561
0.355 0.79015501237569
0.365 0.750111069630459
0.375 0.707106781186548
0.385 0.661311865323652
0.395 0.612907053652977
0.405 0.562083377852129
0.415 0.509041415750369
0.425 0.453990499739545
0.435 0.397147890634779
0.445 0.33873792024529
0.455 0.278991106039229
0.465 0.218143241396542
0.475 0.156434465040231
0.485 0.0941083133185147
0.495 0.031410759078129
0.505 -0.0314107590781307
0.515 -0.0941083133185164
0.525 -0.156434465040233
0.535 -0.218143241396544
0.545 -0.27899110603923
0.555 -0.338737920245292
0.565 -0.397147890634781
0.575 -0.453990499739547
0.585 -0.509041415750371
0.595 -0.56208337785213
0.605 -0.612907053652978
0.615 -0.661311865323653
0.625 -0.707106781186549
0.635 -0.75011106963046
0.645 -0.790155012375691
0.655 -0.827080574274562
0.665 -0.860742027003944
0.675 -0.891006524188368
0.685 -0.917754625683981
0.695 -0.940880768954226
0.705 -0.960293685676943
0.715 -0.975916761938748
0.725 -0.987688340595138
0.735 -0.99556196460308
0.745 -0.999506560365732
0.755 -0.999506560365731
0.765 -0.99556196460308
0.775 -0.987688340595138
0.785 -0.975916761938748
0.795 -0.960293685676942
0.805 -0.940880768954225
0.815 -0.91775462568398
0.825 -0.891006524188367
0.835 -0.860742027003943
0.845 -0.827080574274561
0.855 -0.79015501237569
0.865 -0.750111069630459
0.875 -0.707106781186548
0.885 -0.661311865323652
0.895 -0.612907053652977
0.905 -0.562083377852129
0.915 -0.50904141575037
0.925 -0.453990499739545
0.935 -0.397147890634779
0.945 -0.338737920245291
0.955 -0.278991106039229
0.965 -0.218143241396542
0.975 -0.156434465040231
0.985 -0.0941083133185148
0.995 -0.0314107590781292
