0.005 0.00929920293546264
0.015 0.0671603389946391
0.025 0.12493203188977
0.035 0.182549149371448
0.045 0.239930517861584
0.055 0.296979874070228
0.065 0.353587984082487
0.075 0.409634351722417
0.085 0.464989672876429
0.095 0.519517844967167
0.105 0.573077628734289
0.115 0.62552267019655
0.125 0.676673056173055
0.135 0.726481001739264
0.145 0.774393679942672
0.155 0.823729279391841
0.165 0.877328902096637
0.175 0.93448902870599
0.185 0.988158485183809
0.195 0.997487916338669
0.205 0.997487689166172
0.215 0.997486299115597
0.225 0.997482051589091
0.235 0.997469641771028
0.245 0.997436406006242
0.255 0.997348809102596
0.265 0.997122339963766
0.275 0.996539567326137
0.285 0.995038105859906
0.295 0.991213109034676
0.305 0.981366153297664
0.315 0.95619461924668
0.325 0.920320857162245
0.335 0.883119703132767
0.345 0.843857089819267
0.355 0.802275365964788
0.365 0.758274336501661
0.375 0.711879854970084
0.385 0.663219906750083
0.395 0.612497326318095
0.405 0.55996633683645
0.415 0.505908520205533
0.425 0.450613758330083
0.435 0.394362851695086
0.445 0.337413753644302
0.455 0.2799921424566
0.465 0.222282871544191
0.475 0.164427035951432
0.485 0.106518255814049
0.495 0.0486037079474186
0.505 -0.00929920293546292
0.515 -0.0671603389946393
0.525 -0.12493203188977
0.535 -0.182549149371448
0.545 -0.239930517861584
0.555 -0.296979874070228
0.565 -0.353587984082487
0.575 -0.409634351722417
0.585 -0.464989672876429
0.595 -0.519517844967167
0.605 -0.573077628734289
0.615 -0.62552267019655
0.625 -0.676673056173055
0.635 -0.726481001739265
0.645 -0.774393679942672
0.655 -0.823729279391841
0.665 -0.877328902096637
0.675 -0.93448902870599
0.685 -0.988158485183809
0.695 -0.997487916338669
0.705 -0.997487689166172
0.715 -0.997486299115597
0.725 -0.997482051589091
0.735 -0.997469641771028
0.745 -0.997436406006242
0.755 -0.997348809102596
0.765 -0.997122339963766
0.775 -0.996539567326137
0.785 -0.995038105859906
0.795 -0.991213109034676
0.805 -0.981366153297664
0.815 -0.956194619246678
0.825 -0.920320857162243
0.835 -0.883119703132765
0.845 -0.843857089819266
0.855 -0.802275365964788
0.865 -0.758274336501661
0.875 -0.711879854970085
0.885 -0.663219906750083
0.895 -0.612497326318096
0.905 -0.559966336836452
0.915 -0.505908520205534
0.925 -0.450613758330084
0.935 -0.394362851695087
0.945 -0.337413753644303
0.955 -0.2799921424566
0.965 -0.222282871544191
0.975 -0.164427035951433
0.985 -0.106518255814049
0.995 -0.0486037079474189
