0.0125 -0.171348068572006
0.0375 -0.0170639385197176
0.0625 0.134498501794814
0.0875 0.285891448615919
0.1125 0.427101965736988
0.1375 0.560939244800984
0.1625 0.677820257515646
0.1875 0.781155855374202
0.2125 0.862111323874435
0.2375 0.924984944153318
0.2625 0.961935471206796
0.2875 0.978347517812447
0.3125 0.967521216456106
0.3375 0.936020075842919
0.3625 0.878321787959186
0.3875 0.802145923177341
0.4125 0.703068647266278
0.4375 0.58982959463469
0.4625 0.458916792848834
0.4875 0.319854091747565
0.5125 0.169765509323231
0.5375 0.0186464977684931
0.5625 -0.13608106104359
0.5875 -0.284308889367143
0.6125 -0.428684524985765
0.6375 -0.559356685552208
0.6625 -0.679402816764422
0.6875 -0.779573296125425
0.7125 -0.863693883123212
0.7375 -0.923402384904541
0.7625 -0.963518030455573
0.7875 -0.97676495856367
0.8125 -0.969103775704882
0.8375 -0.934437516594142
0.8625 -0.879904347207962
0.8875 -0.800563363928566
0.9125 -0.704651206515053
0.9375 -0.588247035385914
0.9625 -0.460499352097609
0.9875 -0.31827153249879
