0.0125 -0.255647996427447
0.0375 -0.0520142766054802
0.0625 0.0492557395645461
0.0875 0.252976326418217
0.1125 0.346785780346746
0.1375 0.535756044258686
0.1625 0.607817812513706
0.1875 0.76864442789155
0.2125 0.806800202039816
0.2375 0.928844739698043
0.2625 0.924255166246427
0.2875 1.00067545697735
0.3125 0.948685394880135
0.3375 0.977105288648129
0.3625 0.877699486946854
0.3875 0.860441447009484
0.4125 0.718246037702991
0.4375 0.662103801725784
0.4625 0.485933461738041
0.4875 0.401507023417031
0.5125 0.20350213260435
0.5375 0.1041601404286
0.5625 -0.10140160338769
0.5875 -0.200830462595052
0.6125 -0.398931644169927
0.6375 -0.483610180435495
0.6625 -0.6599636763369
0.6875 -0.716498564068361
0.7125 -0.858946065862993
0.7375 -0.876698875874884
0.7625 -0.976401030069564
0.7875 -0.948529593154232
0.8125 -1.00083125870322
0.8375 -0.92495942482506
0.8625 -0.929845350769905
0.8875 -0.808295583186441
0.9125 -0.77039190152603
0.9375 -0.60995793790274
0.9625 -0.538079325561097
0.9875 -0.349361159593957
