0.0125 -0.162863789366021
0.0375 -0.0102693518571267
0.0625 0.142577951176515
0.0875 0.291914511863101
0.1125 0.434063168458896
0.1375 0.565523749274169
0.1625 0.683059258516593
0.1875 0.783775581870629
0.2125 0.865192749196988
0.2375 0.925305999628006
0.2625 0.962635145433634
0.2875 0.976261019155803
0.3125 0.965848106561793
0.3375 0.931652808118142
0.3625 0.874517125560223
0.3875 0.795847929015072
0.4125 0.697582315189723
0.4375 0.582139909621431
0.4625 0.452363287466667
0.4875 0.311447979866797
0.5125 0.162863789366021
0.5375 0.0102693518571265
0.5625 -0.142577951176516
0.5875 -0.291914511863101
0.6125 -0.434063168458896
0.6375 -0.565523749274169
0.6625 -0.683059258516593
0.6875 -0.783775581870629
0.7125 -0.865192749196987
0.7375 -0.925305999628006
0.7625 -0.962635145433634
0.7875 -0.976261019155804
0.8125 -0.965848106561793
0.8375 -0.931652808118143
0.8625 -0.874517125560224
0.8875 -0.795847929015072
0.9125 -0.697582315189723
0.9375 -0.582139909621432
0.9625 -0.452363287466668
0.9875 -0.311447979866797
