0.0125 1.30031898258319
0.0375 -1.58592412317973
0.0625 1.60709288398315
0.0875 -1.28204055259542
0.1125 1.90381485626539
0.1375 -0.999923439862225
0.1625 2.16143968539909
0.1875 -0.767188373599763
0.2125 2.35474925813078
0.2375 -0.606617083654327
0.2625 2.46482108661457
0.2875 -0.533927406651905
0.3125 2.48088057336318
0.3375 -0.556234714636555
0.3625 2.40135570392097
0.3875 -0.671355412878908
0.4125 2.23403092659157
0.4375 -0.868020685342153
0.4625 1.99528515640038
0.4875 -1.12697956491009
0.5125 1.70848849277324
0.5375 -1.42288335217784
0.5625 1.40171459137559
0.5875 -1.72676692276441
0.6125 1.10499261909535
0.6375 -2.00888403549914
0.6625 0.847367789962577
0.6875 -2.24161910176183
0.7125 0.654058217230384
0.7375 -2.40219039170609
0.7625 0.54398638874486
0.7875 -2.47488006870639
0.8125 0.527926901993941
0.8375 -2.45257276071948
0.8625 0.607451771434157
0.8875 -2.33745206247559
0.9125 0.774776548762636
0.9375 -2.14078679001212
0.9625 1.01352231895432
0.9875 -1.88182791044536
