20.075 1.03756
0.225 1.03767
0.375 1.0377
0.525 1.03771
0.675 1.03772
0.825 1.03773
0.975 1.03773
1.125 1.03774
1.275 1.03774
1.425 1.03774
1.575 1.03774
1.725 1.03774
1.875 1.03775
2.025 1.03775
2.175 1.03775
2.325 1.03775
2.475 1.03775
2.625 1.03775
2.775 1.03775
2.925 1.03775
3.075 1.03775
3.225 1.03776
3.375 1.03779
3.525 1.03783
3.675 1.03792
3.825 1.03806
3.975 1.03828
4.125 1.03861
4.275 1.03908
4.425 1.03969
4.575 1.04049
4.725 1.04148
4.875 1.04268
5.025 1.04409
5.175 1.04571
5.325 1.04754
5.475 1.04957
5.625 1.05178
5.775 1.05416
5.925 1.05669
6.075 1.05934
6.225 1.0621
6.375 1.06494
6.525 1.06783
6.675 1.07077
6.825 1.07372
6.975 1.07668
7.125 1.07961
7.275 1.08251
7.425 1.08537
7.575 1.08817
7.725 1.09089
7.875 1.09354
8.025 1.09611
8.175 1.09858
8.325 1.10095
8.475 1.10322
8.625 1.10539
8.775 1.10746
8.925 1.10941
9.075 1.11126
9.225 1.113
9.375 1.11464
9.525 1.11617
9.675 1.1176
9.825 1.11893
9.975 1.12016
10.125 1.1213
10.275 1.12234
10.425 1.12329
10.575 1.12415
10.725 1.12493
10.875 1.12563
11.025 1.12625
11.175 1.1268
11.325 1.12727
11.475 1.12768
11.625 1.12801
11.775 1.1283
11.925 1.12851
12.075 1.12868
12.225 1.12878
12.375 1.12884
12.525 1.12884
12.675 1.12881
12.825 1.12871
12.975 1.12861
13.125 1.12842
13.275 1.12825
13.425 1.12799
13.575 1.12775
13.725 1.12741
13.875 1.12714
14.025 1.12672
14.175 1.12642
14.325 1.12592
14.475 1.12562
14.625 1.12502
14.775 1.12476
14.925 1.12399
