10.05 1.03749
0.15 1.03764
0.25 1.03768
0.35 1.0377
0.45 1.03771
0.55 1.03772
0.65 1.03772
0.75 1.03772
0.85 1.03773
0.95 1.03773
1.05 1.03773
1.15 1.03774
1.25 1.03774
1.35 1.03774
1.45 1.03774
1.55 1.03774
1.65 1.03774
1.75 1.03774
1.85 1.03775
1.95 1.03775
2.05 1.03775
2.15 1.03775
2.25 1.03775
2.35 1.03775
2.45 1.03775
2.55 1.03775
2.65 1.03775
2.75 1.03775
2.85 1.03775
2.95 1.03776
3.05 1.03776
3.15 1.03777
3.25 1.03778
3.35 1.0378
3.45 1.03783
3.55 1.03787
3.65 1.03794
3.75 1.03802
3.85 1.03814
3.95 1.0383
4.05 1.0385
4.15 1.03875
4.25 1.03906
4.35 1.03944
4.45 1.03989
4.55 1.04042
4.65 1.04103
4.75 1.04173
4.85 1.04252
4.95 1.04341
5.05 1.04439
5.15 1.04546
5.25 1.04663
5.35 1.04789
5.45 1.04923
5.55 1.05066
5.65 1.05216
5.75 1.05374
5.85 1.05539
5.95 1.0571
6.05 1.05886
6.15 1.06067
6.25 1.06252
6.35 1.06441
6.45 1.06633
6.55 1.06827
6.65 1.07022
6.75 1.07219
6.85 1.07415
6.95 1.07612
7.05 1.07808
7.15 1.08004
7.25 1.08197
7.35 1.08389
7.45 1.08578
7.55 1.08765
7.65 1.08948
7.75 1.09128
7.85 1.09305
7.95 1.09478
8.05 1.09647
8.15 1.09812
8.25 1.09973
8.35 1.10129
8.45 1.10281
8.55 1.10428
8.65 1.1057
8.75 1.10708
8.85 1.10841
8.95 1.10969
9.05 1.11092
9.15 1.11211
9.25 1.11325
9.35 1.11435
9.45 1.11538
9.55 1.11641
9.65 1.11732
9.75 1.1183
9.85 1.11903
9.95 1.12011
