30.1 1.03759
0.3 1.03769
0.5 1.03771
0.7 1.03772
0.9 1.03773
1.1 1.03773
1.3 1.03774
1.5 1.03774
1.7 1.03774
1.9 1.03775
2.1 1.03775
2.3 1.03775
2.5 1.03775
2.7 1.03775
2.9 1.03775
3.1 1.03775
3.3 1.03775
3.5 1.03778
3.7 1.03787
3.9 1.03808
4.1 1.03845
4.3 1.03906
4.5 1.03996
4.7 1.0412
4.9 1.04281
5.1 1.04481
5.3 1.04718
5.5 1.04991
5.7 1.05295
5.9 1.05628
6.1 1.05983
6.3 1.06356
6.5 1.0674
6.7 1.07132
6.9 1.07526
7.1 1.07919
7.3 1.08306
7.5 1.08684
7.7 1.0905
7.9 1.09403
8.1 1.0974
8.3 1.10061
8.5 1.10363
8.7 1.10647
8.9 1.10912
9.1 1.11158
9.3 1.11385
9.5 1.11594
9.7 1.11784
9.9 1.11956
10.1 1.12111
10.3 1.1225
10.5 1.12373
10.7 1.1248
10.9 1.12573
11.1 1.12652
11.3 1.12718
11.5 1.12772
11.7 1.12815
11.9 1.12846
12.1 1.12868
12.3 1.12879
12.5 1.12883
12.7 1.12877
12.9 1.12865
13.1 1.12844
13.3 1.12818
13.5 1.12785
13.7 1.12747
13.9 1.12703
14.1 1.12655
14.3 1.12602
14.5 1.12546
14.7 1.12485
14.9 1.12423
15.1 1.12355
15.3 1.12287
15.5 1.12214
15.7 1.12142
15.9 1.12064
16.1 1.11988
16.3 1.11907
16.5 1.11829
16.7 1.11744
16.9 1.11666
17.1 1.11577
17.3 1.11499
17.5 1.11408
17.7 1.1133
17.9 1.11236
18.1 1.1116
18.3 1.11063
18.5 1.10991
18.7 1.10888
18.9 1.10822
19.1 1.10713
19.3 1.10656
19.5 1.10536
19.7 1.10495
19.9 1.10355
