0.1 0.05 -0.0105704
0.1 0.15 -0.000715646
0.1 0.25 0.000143338
0.1 0.35 0.000111898
0.1 0.45 9.5703e-05
0.1 0.55 9.5703e-05
0.1 0.65 0.000111898
0.1 0.75 0.000143338
0.1 0.85 -0.000715646
0.1 0.95 -0.0105704

0.3 0.05 -0.0169661
0.3 0.15 -0.00313396
0.3 0.25 3.35861e-05
0.3 0.35 0.000312735
0.3 0.45 0.000296964
0.3 0.55 0.000296964
0.3 0.65 0.000312735
0.3 0.75 3.35861e-05
0.3 0.85 -0.00313396
0.3 0.95 -0.0169661

0.5 0.05 -0.0192433
0.5 0.15 -0.00523379
0.5 0.25 -0.000345553
0.5 0.35 0.000446916
0.5 0.45 0.000486901
0.5 0.55 0.000486901
0.5 0.65 0.000446916
0.5 0.75 -0.000345553
0.5 0.85 -0.00523379
0.5 0.95 -0.0192433

0.7 0.05 -0.0202741
0.7 0.15 -0.00686484
0.7 0.25 -0.000852127
0.7 0.35 0.000520476
0.7 0.45 0.000674431
0.7 0.55 0.000674431
0.7 0.65 0.000520476
0.7 0.75 -0.000852127
0.7 0.85 -0.00686484
0.7 0.95 -0.0202741

0.9 0.05 -0.0208684
0.9 0.15 -0.00811701
0.9 0.25 -0.00140907
0.9 0.35 0.000523892
0.9 0.45 0.000833457
0.9 0.55 0.000833457
0.9 0.65 0.000523892
0.9 0.75 -0.00140907
0.9 0.85 -0.00811701
0.9 0.95 -0.0208684

1.1 0.05 -0.0212719
1.1 0.15 -0.0090862
1.1 0.25 -0.00195622
1.1 0.35 0.000486543
1.1 0.45 0.00098224
1.1 0.55 0.00098224
1.1 0.65 0.000486543
1.1 0.75 -0.00195622
1.1 0.85 -0.0090862
1.1 0.95 -0.0212719

1.3 0.05 -0.0215736
1.3 0.15 -0.009857
1.3 0.25 -0.00248252
1.3 0.35 0.000398968
1.3 0.45 0.00109165
1.3 0.55 0.00109165
1.3 0.65 0.000398968
1.3 0.75 -0.00248252
1.3 0.85 -0.009857
1.3 0.95 -0.0215736

1.5 0.05 -0.0218094
1.5 0.15 -0.0104767
1.5 0.25 -0.00296166
1.5 0.35 0.000296627
1.5 0.45 0.00119183
1.5 0.55 0.00119183
1.5 0.65 0.000296627
1.5 0.75 -0.00296166
1.5 0.85 -0.0104767
1.5 0.95 -0.0218094

1.7 0.05 -0.0220015
1.7 0.15 -0.0109922
1.7 0.25 -0.0034093
1.7 0.35 0.00015898
1.7 0.45 0.00124699
1.7 0.55 0.00124699
1.7 0.65 0.00015898
1.7 0.75 -0.0034093
1.7 0.85 -0.0109922
1.7 0.95 -0.0220015

1.9 0.05 -0.0221591
1.9 0.15 -0.0114191
1.9 0.25 -0.00380466
1.9 0.35 2.67756e-05
1.9 0.45 0.00130049
1.9 0.55 0.00130049
1.9 0.65 2.67756e-05
1.9 0.75 -0.00380466
1.9 0.85 -0.0114191
1.9 0.95 -0.0221591

2.1 0.05 -0.0222935
2.1 0.15 -0.0117885
2.1 0.25 -0.0041763
2.1 0.35 -0.000134922
2.1 0.45 0.00130497
2.1 0.55 0.00130497
2.1 0.65 -0.000134922
2.1 0.75 -0.0041763
2.1 0.85 -0.0117885
2.1 0.95 -0.0222935

2.3 0.05 -0.0224064
2.3 0.15 -0.0120994
2.3 0.25 -0.00449758
2.3 0.35 -0.000275831
2.3 0.45 0.00131965
2.3 0.55 0.00131965
2.3 0.65 -0.000275831
2.3 0.75 -0.00449758
2.3 0.85 -0.0120994
2.3 0.95 -0.0224064

2.5 0.05 -0.0225065
2.5 0.15 -0.0123789
2.5 0.25 -0.00480792
2.5 0.35 -0.000448086
2.5 0.45 0.00128008
2.5 0.55 0.00128008
2.5 0.65 -0.000448086
2.5 0.75 -0.00480792
2.5 0.85 -0.0123789
2.5 0.95 -0.0225065

2.7 0.05 -0.0225911
2.7 0.15 -0.012614
2.7 0.25 -0.00506876
2.7 0.35 -0.000585911
2.7 0.45 0.00126581
2.7 0.55 0.00126581
2.7 0.65 -0.000585911
2.7 0.75 -0.00506876
2.7 0.85 -0.012614
2.7 0.95 -0.0225911

2.9 0.05 -0.0226691
2.9 0.15 -0.0128352
2.9 0.25 -0.00533324
2.9 0.35 -0.000763165
2.9 0.45 0.00118892
2.9 0.55 0.00118892
2.9 0.65 -0.000763165
2.9 0.75 -0.00533324
2.9 0.85 -0.0128352
2.9 0.95 -0.0226691

3.1 0.05 -0.0227344
3.1 0.15 -0.0130175
3.1 0.25 -0.0055451
3.1 0.35 -0.000891137
3.1 0.45 0.00115572
3.1 0.55 0.00115572
3.1 0.65 -0.000891137
3.1 0.75 -0.0055451
3.1 0.85 -0.0130175
3.1 0.95 -0.0227344

3.3 0.05 -0.0227979
3.3 0.15 -0.0132
3.3 0.25 -0.00577735
3.3 0.35 -0.00107252
3.3 0.45 0.00104686
3.3 0.55 0.00104686
3.3 0.65 -0.00107252
3.3 0.75 -0.00577735
3.3 0.85 -0.0132
3.3 0.95 -0.0227979

3.5 0.05 -0.0228491
3.5 0.15 -0.0133429
3.5 0.25 -0.00594821
3.5 0.35 -0.00118598
3.5 0.45 0.00100415
3.5 0.55 0.00100415
3.5 0.65 -0.00118598
3.5 0.75 -0.00594821
3.5 0.85 -0.0133429
3.5 0.95 -0.0228491

3.7 0.05 -0.022903
3.7 0.15 -0.0135003
3.7 0.25 -0.00616024
3.7 0.35 -0.00137354
3.7 0.45 0.000866838
3.7 0.55 0.000866838
3.7 0.65 -0.00137354
3.7 0.75 -0.00616024
3.7 0.85 -0.0135003
3.7 0.95 -0.022903

3.9 0.05 -0.0229432
3.9 0.15 -0.0136113
3.9 0.25 -0.00629424
3.9 0.35 -0.00146816
3.9 0.45 0.000823316
3.9 0.55 0.000823316
3.9 0.65 -0.00146816
3.9 0.75 -0.00629424
3.9 0.85 -0.0136113
3.9 0.95 -0.0229432

4.1 0.05 -0.0229914
4.1 0.15 -0.0137548
4.1 0.25 -0.00649762
4.1 0.35 -0.00166613
4.1 0.45 0.000659143
4.1 0.55 0.000659143
4.1 0.65 -0.00166613
4.1 0.75 -0.00649762
4.1 0.85 -0.0137548
4.1 0.95 -0.0229914

4.3 0.05 -0.0230218
4.3 0.15 -0.0138363
4.3 0.25 -0.00659464
4.3 0.35 -0.00173674
4.3 0.45 0.000622891
4.3 0.55 0.000622891
4.3 0.65 -0.00173674
4.3 0.75 -0.00659464
4.3 0.85 -0.0138363
4.3 0.95 -0.0230218

4.5 0.05 -0.023068
4.5 0.15 -0.0139773
4.5 0.25 -0.00680216
4.5 0.35 -0.00195143
4.5 0.45 0.000431771
4.5 0.55 0.000431771
4.5 0.65 -0.00195143
4.5 0.75 -0.00680216
4.5 0.85 -0.0139773
4.5 0.95 -0.023068

4.7 0.05 -0.0230878
4.7 0.15 -0.0140257
4.7 0.25 -0.00685682
4.7 0.35 -0.00199121
4.7 0.45 0.00041028
4.7 0.55 0.00041028
4.7 0.65 -0.00199121
4.7 0.75 -0.00685682
4.7 0.85 -0.0140257
4.7 0.95 -0.0230878

4.9 0.05 -0.0231377
4.9 0.15 -0.0141805
4.9 0.25 -0.00708475
4.9 0.35 -0.00223112
4.9 0.45 0.000190902
4.9 0.55 0.000190902
4.9 0.65 -0.00223112
4.9 0.75 -0.00708475
4.9 0.85 -0.0141805
4.9 0.95 -0.0231377

