0.1 0.05 -0.0105704
0.1 0.15 -0.00071565
0.1 0.25 0.000143334
0.1 0.35 0.000111896
0.1 0.45 9.57026e-05
0.1 0.55 9.57026e-05
0.1 0.65 0.000111896
0.1 0.75 0.000143334
0.1 0.85 -0.00071565
0.1 0.95 -0.0105704

0.3 0.05 -0.0169661
0.3 0.15 -0.00313396
0.3 0.25 3.35881e-05
0.3 0.35 0.000312733
0.3 0.45 0.000296958
0.3 0.55 0.000296958
0.3 0.65 0.000312733
0.3 0.75 3.35881e-05
0.3 0.85 -0.00313396
0.3 0.95 -0.0169661

0.5 0.05 -0.0192433
0.5 0.15 -0.00523379
0.5 0.25 -0.000345553
0.5 0.35 0.00044692
0.5 0.45 0.000486905
0.5 0.55 0.000486905
0.5 0.65 0.00044692
0.5 0.75 -0.000345553
0.5 0.85 -0.00523379
0.5 0.95 -0.0192433

0.7 0.05 -0.0202741
0.7 0.15 -0.00686484
0.7 0.25 -0.000852128
0.7 0.35 0.00052048
0.7 0.45 0.00067444
0.7 0.55 0.00067444
0.7 0.65 0.00052048
0.7 0.75 -0.000852128
0.7 0.85 -0.00686484
0.7 0.95 -0.0202741

0.9 0.05 -0.0208684
0.9 0.15 -0.00811701
0.9 0.25 -0.00140908
0.9 0.35 0.000523882
0.9 0.45 0.000833448
0.9 0.55 0.000833448
0.9 0.65 0.000523882
0.9 0.75 -0.00140908
0.9 0.85 -0.00811701
0.9 0.95 -0.0208684

1.1 0.05 -0.0212719
1.1 0.15 -0.0090862
1.1 0.25 -0.00195621
1.1 0.35 0.000486534
1.1 0.45 0.000982219
1.1 0.55 0.000982219
1.1 0.65 0.000486534
1.1 0.75 -0.00195621
1.1 0.85 -0.0090862
1.1 0.95 -0.0212719

1.3 0.05 -0.0215736
1.3 0.15 -0.009857
1.3 0.25 -0.00248251
1.3 0.35 0.000398984
1.3 0.45 0.00109166
1.3 0.55 0.00109166
1.3 0.65 0.000398984
1.3 0.75 -0.00248251
1.3 0.85 -0.009857
1.3 0.95 -0.0215736

1.5 0.05 -0.0218094
1.5 0.15 -0.0104767
1.5 0.25 -0.00296167
1.5 0.35 0.000296633
1.5 0.45 0.00119185
1.5 0.55 0.00119185
1.5 0.65 0.000296633
1.5 0.75 -0.00296167
1.5 0.85 -0.0104767
1.5 0.95 -0.0218094

1.7 0.05 -0.0220015
1.7 0.15 -0.0109922
1.7 0.25 -0.00340931
1.7 0.35 0.000158959
1.7 0.45 0.00124697
1.7 0.55 0.00124697
1.7 0.65 0.000158959
1.7 0.75 -0.00340931
1.7 0.85 -0.0109922
1.7 0.95 -0.0220015

1.9 0.05 -0.0221591
1.9 0.15 -0.0114191
1.9 0.25 -0.00380466
1.9 0.35 2.6758e-05
1.9 0.45 0.00130046
1.9 0.55 0.00130046
1.9 0.65 2.6758e-05
1.9 0.75 -0.00380466
1.9 0.85 -0.0114191
1.9 0.95 -0.0221591

2.1 0.05 -0.0222935
2.1 0.15 -0.0117885
2.1 0.25 -0.00417629
2.1 0.35 -0.000134895
2.1 0.45 0.001305
2.1 0.55 0.001305
2.1 0.65 -0.000134895
2.1 0.75 -0.00417629
2.1 0.85 -0.0117885
2.1 0.95 -0.0222935

2.3 0.05 -0.0224064
2.3 0.15 -0.0120994
2.3 0.25 -0.0044976
2.3 0.35 -0.000275823
2.3 0.45 0.00131968
2.3 0.55 0.00131968
2.3 0.65 -0.000275823
2.3 0.75 -0.0044976
2.3 0.85 -0.0120994
2.3 0.95 -0.0224064

2.5 0.05 -0.0225065
2.5 0.15 -0.0123789
2.5 0.25 -0.00480794
2.5 0.35 -0.00044812
2.5 0.45 0.00128005
2.5 0.55 0.00128005
2.5 0.65 -0.00044812
2.5 0.75 -0.00480794
2.5 0.85 -0.0123789
2.5 0.95 -0.0225065

2.7 0.05 -0.0225911
2.7 0.15 -0.012614
2.7 0.25 -0.00506876
2.7 0.35 -0.000585938
2.7 0.45 0.00126576
2.7 0.55 0.00126576
2.7 0.65 -0.000585938
2.7 0.75 -0.00506876
2.7 0.85 -0.012614
2.7 0.95 -0.0225911

2.9 0.05 -0.0226691
2.9 0.15 -0.0128352
2.9 0.25 -0.00533323
2.9 0.35 -0.000763132
2.9 0.45 0.00118895
2.9 0.55 0.00118895
2.9 0.65 -0.000763132
2.9 0.75 -0.00533323
2.9 0.85 -0.0128352
2.9 0.95 -0.0226691

3.1 0.05 -0.0227344
3.1 0.15 -0.0130175
3.1 0.25 -0.00554512
3.1 0.35 -0.000891131
3.1 0.45 0.00115576
3.1 0.55 0.00115576
3.1 0.65 -0.000891131
3.1 0.75 -0.00554512
3.1 0.85 -0.0130175
3.1 0.95 -0.0227344

3.3 0.05 -0.0227979
3.3 0.15 -0.0132
3.3 0.25 -0.00577737
3.3 0.35 -0.00107256
3.3 0.45 0.00104682
3.3 0.55 0.00104682
3.3 0.65 -0.00107256
3.3 0.75 -0.00577737
3.3 0.85 -0.0132
3.3 0.95 -0.0227979

3.5 0.05 -0.0228491
3.5 0.15 -0.0133429
3.5 0.25 -0.00594822
3.5 0.35 -0.00118602
3.5 0.45 0.00100409
3.5 0.55 0.00100409
3.5 0.65 -0.00118602
3.5 0.75 -0.00594822
3.5 0.85 -0.0133429
3.5 0.95 -0.0228491

3.7 0.05 -0.022903
3.7 0.15 -0.0135003
3.7 0.25 -0.00616024
3.7 0.35 -0.00137351
3.7 0.45 0.000866862
3.7 0.55 0.000866862
3.7 0.65 -0.00137351
3.7 0.75 -0.00616024
3.7 0.85 -0.0135003
3.7 0.95 -0.022903

3.9 0.05 -0.0229432
3.9 0.15 -0.0136113
3.9 0.25 -0.00629426
3.9 0.35 -0.00146816
3.9 0.45 0.000823342
3.9 0.55 0.000823342
3.9 0.65 -0.00146816
3.9 0.75 -0.00629426
3.9 0.85 -0.0136113
3.9 0.95 -0.0229432

4.1 0.05 -0.0229914
4.1 0.15 -0.0137548
4.1 0.25 -0.00649764
4.1 0.35 -0.00166618
4.1 0.45 0.000659098
4.1 0.55 0.000659098
4.1 0.65 -0.00166618
4.1 0.75 -0.00649764
4.1 0.85 -0.0137548
4.1 0.95 -0.0229914

4.3 0.05 -0.0230218
4.3 0.15 -0.0138363
4.3 0.25 -0.00659466
4.3 0.35 -0.00173678
4.3 0.45 0.000622833
4.3 0.55 0.000622833
4.3 0.65 -0.00173678
4.3 0.75 -0.00659466
4.3 0.85 -0.0138363
4.3 0.95 -0.0230218

4.5 0.05 -0.023068
4.5 0.15 -0.0139773
4.5 0.25 -0.00680216
4.5 0.35 -0.00195143
4.5 0.45 0.000431765
4.5 0.55 0.000431765
4.5 0.65 -0.00195143
4.5 0.75 -0.00680216
4.5 0.85 -0.0139773
4.5 0.95 -0.023068

4.7 0.05 -0.0230878
4.7 0.15 -0.0140257
4.7 0.25 -0.00685684
4.7 0.35 -0.00199122
4.7 0.45 0.000410275
4.7 0.55 0.000410275
4.7 0.65 -0.00199122
4.7 0.75 -0.00685684
4.7 0.85 -0.0140257
4.7 0.95 -0.0230878

4.9 0.05 -0.0231377
4.9 0.15 -0.0141805
4.9 0.25 -0.00708477
4.9 0.35 -0.00223114
4.9 0.45 0.000190875
4.9 0.55 0.000190875
4.9 0.65 -0.00223114
4.9 0.75 -0.00708477
4.9 0.85 -0.0141805
4.9 0.95 -0.0231377

