0.1 0.05  0.223063131288213
0.1 0.15  0.509768399743861
0.1 0.25  0.692825416099873
0.1 0.35  0.818560854348081
0.1 0.45  0.922357047403573
0.1 0.55  1.02235704740357
0.1 0.65  1.11856085434808
0.1 0.75  1.19282541609987
0.1 0.85  1.20976839974386
0.1 0.95  1.12306313128821

0.3 0.05  0.229458879516613
0.3 0.15  0.512186711349958
0.3 0.25  0.692935161934224
0.3 0.35  0.818360017332095
0.3 0.45  0.922155791931956
0.3 0.55  1.02215579193196
0.3 0.65  1.1183600173321
0.3 0.75  1.19293516193422
0.3 0.85  1.21218671134996
0.3 0.95  1.12945887951661

0.5 0.05  0.23173605265357
0.5 0.15  0.514286543769121
0.5 0.25  0.693314302621481
0.5 0.35  0.818225829835808
0.5 0.45  0.921965844855093
0.5 0.55  1.02196584485509
0.5 0.65  1.11822582983581
0.5 0.75  1.19331430262148
0.5 0.85  1.21428654376912
0.5 0.95  1.13173605265357

0.7 0.05  0.232766883849385
0.7 0.15  0.515917592786416
0.7 0.25  0.693820877783517
0.7 0.35  0.818152270012411
0.7 0.45  0.92177830976925
0.7 0.55  1.02177830976925
0.7 0.65  1.11815227001241
0.7 0.75  1.19382087778352
0.7 0.85  1.21591759278642
0.7 0.95  1.13276688384939

0.9 0.05  0.23336119655165
0.9 0.15  0.517169759049667
0.9 0.25  0.694377829403041
0.9 0.35  0.818148868094133
0.9 0.45  0.921619301707354
0.9 0.55  1.02161930170735
0.9 0.65  1.11814886809413
0.9 0.75  1.19437782940304
0.9 0.85  1.21716975904967
0.9 0.95  1.13336119655165

1.1 0.05  0.2337646500697
1.1 0.15  0.518138945517078
1.1 0.25  0.694924964387278
1.1 0.35  0.818186216372738
1.1 0.45  0.92147053095843
1.1 0.55  1.02147053095843
1.1 0.65  1.11818621637274
1.1 0.75  1.19492496438728
1.1 0.85  1.21813894551708
1.1 0.95  1.1337646500697

1.3 0.05  0.234066381093849
1.3 0.15  0.518909753946966
1.3 0.25  0.695451261578674
1.3 0.35  0.818273766040956
1.3 0.45  0.921361085600951
1.3 0.55  1.02136108560095
1.3 0.65  1.11827376604096
1.3 0.75  1.19545126157867
1.3 0.85  1.21890975394697
1.3 0.95  1.13406638109385

1.5 0.05  0.234302158251494
1.5 0.15  0.519529486372721
1.5 0.25  0.695930416702985
1.5 0.35  0.818376117499496
1.5 0.45  0.921260897214853
1.5 0.55  1.02126089721485
1.5 0.65  1.1183761174995
1.5 0.75  1.19593041670299
1.5 0.85  1.21952948637272
1.5 0.95  1.13430215825149

1.7 0.05  0.234494227141129
1.7 0.15  0.520044905320541
1.7 0.25  0.696378061767813
1.7 0.35  0.818513790970093
1.7 0.45  0.921205780968346
1.7 0.55  1.02120578096835
1.7 0.65  1.11851379097009
1.7 0.75  1.19637806176781
1.7 0.85  1.22004490532054
1.7 0.95  1.13449422714113

1.9 0.05  0.234651845498934
1.9 0.15  0.520471825131659
1.9 0.25  0.69677341439642
1.9 0.35  0.81864599203043
1.9 0.45  0.921152294318408
1.9 0.55  1.02115229431841
1.9 0.65  1.11864599203043
1.9 0.75  1.19677341439642
1.9 0.85  1.22047182513166
1.9 0.95  1.13465184549893

2.1 0.05  0.234786287206478
2.1 0.15  0.520841292017084
2.1 0.25  0.697145036443354
2.1 0.35  0.818807644893994
2.1 0.45  0.921147747397377
2.1 0.55  1.02114774739738
2.1 0.65  1.11880764489399
2.1 0.75  1.19714503644335
2.1 0.85  1.22084129201708
2.1 0.95  1.13478628720648

2.3 0.05  0.234899195884956
2.3 0.15  0.521152112863554
2.3 0.25  0.697466346418376
2.3 0.35  0.818948573408729
2.3 0.45  0.921133072496979
2.3 0.55  1.02113307249698
2.3 0.65  1.11894857340873
2.3 0.75  1.19746634641838
2.3 0.85  1.22115211286355
2.3 0.95  1.13489919588496

2.5 0.05  0.234999220152397
2.5 0.15  0.521431641892249
2.5 0.25  0.697776690678808
2.5 0.35  0.81912087017703
2.5 0.45  0.921172699869145
2.5 0.55  1.02117269986915
2.5 0.65  1.11912087017703
2.5 0.75  1.19777669067881
2.5 0.85  1.22143164189225
2.5 0.95  1.1349992201524

2.7 0.05  0.23508382243155
2.7 0.15  0.521666770971002
2.7 0.25  0.698037509049501
2.7 0.35  0.819258687612423
2.7 0.45  0.921186991405022
2.7 0.55  1.02118699140502
2.7 0.65  1.11925868761242
2.7 0.75  1.1980375090495
2.7 0.85  1.221666770971
2.7 0.95  1.13508382243155

2.9 0.05  0.235161843443365
2.9 0.15  0.521887935907519
2.9 0.25  0.698301977047289
2.9 0.35  0.819435882262637
2.9 0.45  0.921263796141888
2.9 0.55  1.02126379614189
2.9 0.65  1.11943588226264
2.9 0.75  1.19830197704729
2.9 0.85  1.22188793590752
2.9 0.95  1.13516184344336

3.1 0.05  0.235227154994033
3.1 0.15  0.522070268273947
3.1 0.25  0.698513871904633
3.1 0.35  0.819563881052799
3.1 0.45  0.921296993264794
3.1 0.55  1.02129699326479
3.1 0.65  1.1195638810528
3.1 0.75  1.19851387190463
3.1 0.85  1.22207026827395
3.1 0.95  1.13522715499403

3.3 0.05  0.235290612355469
3.3 0.15  0.522252715217779
3.3 0.25  0.698746123487943
3.3 0.35  0.819745310333068
3.3 0.45  0.921405930497128
3.3 0.55  1.02140593049713
3.3 0.65  1.11974531033307
3.3 0.75  1.19874612348794
3.3 0.85  1.22225271521778
3.3 0.95  1.13529061235547

3.5 0.05  0.23534187895206
3.5 0.15  0.522395642305384
3.5 0.25  0.698916966094123
3.5 0.35  0.819858766294697
3.5 0.45  0.921448662644947
3.5 0.55  1.02144866264495
3.5 0.65  1.1198587662947
3.5 0.75  1.19891696609412
3.5 0.85  1.22239564230538
3.5 0.95  1.13534187895206

3.7 0.05  0.23539575992134
3.7 0.15  0.522553088088976
3.7 0.25  0.699128987682567
3.7 0.35  0.820046262785179
3.7 0.45  0.921585888040775
3.7 0.55  1.02158588804078
3.7 0.65  1.12004626278518
3.7 0.75  1.19912898768257
3.7 0.85  1.22255308808898
3.7 0.95  1.13539575992134

3.9 0.05  0.235435972623926
3.9 0.15  0.522664042298677
3.9 0.25  0.699263009962072
3.9 0.35  0.82014091463891
3.9 0.45  0.921629407685956
3.9 0.55  1.02162940768596
3.9 0.65  1.12014091463891
3.9 0.75  1.19926300996207
3.9 0.85  1.22266404229868
3.9 0.95  1.13543597262393

4.1 0.05  0.235484119372856
4.1 0.15  0.522807578007924
4.1 0.25  0.699466389792418
4.1 0.35  0.820338928160096
4.1 0.45  0.921793651523202
4.1 0.55  1.0217936515232
4.1 0.65  1.1203389281601
4.1 0.75  1.19946638979242
4.1 0.85  1.22280757800792
4.1 0.95  1.13548411937286

4.3 0.05  0.235514555688326
4.3 0.15  0.522889030874624
4.3 0.25  0.699563406878787
4.3 0.35  0.820409528975198
4.3 0.45  0.921829916711127
4.3 0.55  1.02182991671113
4.3 0.65  1.1204095289752
4.3 0.75  1.19956340687879
4.3 0.85  1.22288903087462
4.3 0.95  1.13551455568833

4.5 0.05  0.235560703953935
4.5 0.15  0.523030070650827
4.5 0.25  0.699770906998064
4.5 0.35  0.820624184821586
4.5 0.45  0.922020984656655
4.5 0.55  1.02202098465665
4.5 0.65  1.12062418482159
4.5 0.75  1.19977090699806
4.5 0.85  1.22303007065083
4.5 0.95  1.13556070395393

4.7 0.05  0.235580576211765
4.7 0.15  0.523078419011357
4.7 0.25  0.699825586014144
4.7 0.35  0.820663970101976
4.7 0.45  0.922042474632568
4.7 0.55  1.02204247463257
4.7 0.65  1.12066397010198
4.7 0.75  1.19982558601414
4.7 0.85  1.22307841901136
4.7 0.95  1.13558057621176

4.9 0.05  0.235630471158781
4.9 0.15  0.523233215849786
4.9 0.25  0.70005351569643
4.9 0.35  0.820903893505506
4.9 0.45  0.922261874741024
4.9 0.55  1.02226187474102
4.9 0.65  1.12090389350551
4.9 0.75  1.20005351569643
4.9 0.85  1.22323321584979
4.9 0.95  1.13563047115878

