0.025 0.025 -0.000540664
0.025 0.075 -1.22429e-05
0.025 0.125 0.0012531
0.025 0.175 0.00427121
0.025 0.225 0.00815532
0.025 0.275 0.0133428
0.025 0.325 0.0192029
0.025 0.375 0.0257715
0.025 0.425 0.0327338
0.025 0.475 0.0395401
0.025 0.525 0.0466065
0.025 0.575 0.0524621
0.025 0.625 0.0595117
0.025 0.675 0.0644637
0.025 0.725 0.0755937
0.025 0.775 0.0843835
0.025 0.825 0.118997
0.025 0.875 0.146335
0.025 0.925 0.25767
0.025 0.975 0.201198

0.075 0.025 -0.000294792
0.075 0.075 0.00205
0.075 0.125 0.00629109
0.075 0.175 0.013629
0.075 0.225 0.0228992
0.075 0.275 0.0347002
0.075 0.325 0.0479529
0.075 0.375 0.0627452
0.075 0.425 0.0782235
0.075 0.475 0.0938214
0.075 0.525 0.109324
0.075 0.575 0.12339
0.075 0.625 0.137396
0.075 0.675 0.149078
0.075 0.725 0.162824
0.075 0.775 0.174717
0.075 0.825 0.191332
0.075 0.875 0.202798
0.075 0.925 0.185631
0.075 0.975 0.103681

0.125 0.025 -4.81384e-05
0.125 0.075 0.00370022
0.125 0.125 0.0103689
0.125 0.175 0.0206809
0.125 0.225 0.0336181
0.125 0.275 0.0495591
0.125 0.325 0.0675097
0.125 0.375 0.0873046
0.125 0.425 0.10816
0.125 0.475 0.129084
0.125 0.525 0.149961
0.125 0.575 0.168707
0.125 0.625 0.186906
0.125 0.675 0.201001
0.125 0.725 0.215597
0.125 0.775 0.224432
0.125 0.825 0.232734
0.125 0.875 0.227239
0.125 0.925 0.178981
0.125 0.975 0.0874521

0.175 0.025 0.000102333
0.175 0.075 0.00492991
0.175 0.125 0.0131248
0.175 0.175 0.025233
0.175 0.225 0.0399951
0.175 0.275 0.0580654
0.175 0.325 0.0780543
0.175 0.375 0.10032
0.175 0.425 0.123314
0.175 0.475 0.146868
0.175 0.525 0.169317
0.175 0.575 0.190057
0.175 0.625 0.207399
0.175 0.675 0.220965
0.175 0.725 0.228228
0.175 0.775 0.230309
0.175 0.825 0.218021
0.175 0.875 0.195369
0.175 0.925 0.124771
0.175 0.975 0.0430765

0.225 0.025 0.000218105
0.225 0.075 0.0055888
0.225 0.125 0.0146914
0.225 0.175 0.0276006
0.225 0.225 0.0432804
0.225 0.275 0.0621694
0.225 0.325 0.0831825
0.225 0.375 0.106463
0.225 0.425 0.130773
0.225 0.475 0.155516
0.225 0.525 0.179294
0.225 0.575 0.200708
0.225 0.625 0.218333
0.225 0.675 0.230556
0.225 0.725 0.235246
0.225 0.775 0.231802
0.225 0.825 0.212179
0.225 0.875 0.17883
0.225 0.925 0.104893
0.225 0.975 0.029905

0.275 0.025 0.000180785
0.275 0.075 0.00564391
0.275 0.125 0.0145448
0.275 0.175 0.0272386
0.275 0.225 0.0422769
0.275 0.275 0.0606751
0.275 0.325 0.080859
0.275 0.375 0.103781
0.275 0.425 0.127377
0.275 0.475 0.152079
0.275 0.525 0.175002
0.275 0.575 0.19616
0.275 0.625 0.211691
0.275 0.675 0.222219
0.275 0.725 0.222209
0.275 0.775 0.214447
0.275 0.825 0.188249
0.275 0.875 0.149916
0.275 0.925 0.0812651
0.275 0.975 0.0155334

0.325 0.025 0.000235776
0.325 0.075 0.00542504
0.325 0.125 0.0137602
0.325 0.175 0.0254478
0.325 0.225 0.0393161
0.325 0.275 0.0563222
0.325 0.325 0.0752953
0.325 0.375 0.097071
0.325 0.425 0.12002
0.325 0.475 0.144197
0.325 0.525 0.167108
0.325 0.575 0.187988
0.325 0.625 0.203443
0.325 0.675 0.212925
0.325 0.725 0.211863
0.325 0.775 0.201504
0.325 0.825 0.17352
0.325 0.875 0.132919
0.325 0.925 0.0684333
0.325 0.975 0.0108673

0.375 0.025 0.000110896
0.375 0.075 0.00454455
0.375 0.125 0.0111335
0.375 0.175 0.0208199
0.375 0.225 0.0319698
0.375 0.275 0.0463827
0.375 0.325 0.0624083
0.375 0.375 0.0818518
0.375 0.425 0.102412
0.375 0.475 0.125173
0.375 0.525 0.146589
0.375 0.575 0.166912
0.375 0.625 0.181381
0.375 0.675 0.190449
0.375 0.725 0.18853
0.375 0.775 0.177526
0.375 0.825 0.150209
0.375 0.875 0.110898
0.375 0.925 0.0550568
0.375 0.975 0.00585737

0.425 0.025 0.00010502
0.425 0.075 0.00348385
0.425 0.125 0.00811411
0.425 0.175 0.0151294
0.425 0.225 0.0231879
0.425 0.275 0.0342015
0.425 0.325 0.04696
0.425 0.375 0.0633027
0.425 0.425 0.0814755
0.425 0.475 0.102388
0.425 0.525 0.12303
0.425 0.575 0.14307
0.425 0.625 0.158256
0.425 0.675 0.167998
0.425 0.725 0.167532
0.425 0.775 0.157456
0.425 0.825 0.132318
0.425 0.875 0.0955858
0.425 0.925 0.0458487
0.425 0.975 0.00411554

0.475 0.025 -0.000121716
0.475 0.075 0.00171023
0.475 0.125 0.0032517
0.475 0.175 0.00670385
0.475 0.225 0.0102112
0.475 0.275 0.0166371
0.475 0.325 0.0243087
0.475 0.375 0.0361077
0.475 0.425 0.049855
0.475 0.475 0.067573
0.475 0.525 0.0857375
0.475 0.575 0.104912
0.475 0.625 0.1202
0.475 0.675 0.131312
0.475 0.725 0.133279
0.475 0.775 0.126123
0.475 0.825 0.106019
0.475 0.875 0.0746396
0.475 0.925 0.0348558
0.475 0.975 0.00152037

0.525 0.025 -0.000231079
0.525 0.075 -9.43691e-05
0.525 0.125 -0.00155351
0.525 0.175 -0.00199208
0.525 0.225 -0.0030886
0.525 0.275 -0.00184298
0.525 0.325 0.00042377
0.525 0.375 0.00673823
0.525 0.425 0.0155721
0.525 0.475 0.0291429
0.525 0.525 0.0447475
0.525 0.575 0.0628754
0.525 0.625 0.0792426
0.525 0.675 0.0928038
0.525 0.725 0.0989405
0.525 0.775 0.0964488
0.525 0.825 0.0823746
0.525 0.875 0.057491
0.525 0.925 0.0260287
0.525 0.975 0.000366925

0.575 0.025 -0.000547569
0.575 0.075 -0.00235406
0.575 0.125 -0.00747724
0.575 0.175 -0.0121997
0.575 0.225 -0.0188513
0.575 0.275 -0.0236451
0.575 0.325 -0.028461
0.575 0.375 -0.0293052
0.575 0.425 -0.0279438
0.575 0.475 -0.020817
0.575 0.525 -0.0105663
0.575 0.575 0.00463333
0.575 0.625 0.020446
0.575 0.675 0.0362577
0.575 0.725 0.0472305
0.575 0.775 0.0512258
0.575 0.825 0.0463719
0.575 0.875 0.0311945
0.575 0.925 0.0130951
0.575 0.975 -0.00225845

0.625 0.025 -0.000707082
0.625 0.075 -0.0041829
0.625 0.125 -0.0122057
0.625 0.175 -0.0207658
0.625 0.225 -0.0322545
0.625 0.275 -0.0429774
0.625 0.325 -0.0547335
0.625 0.375 -0.0634774
0.625 0.425 -0.0703767
0.625 0.475 -0.0713177
0.625 0.525 -0.0677243
0.625 0.575 -0.0569487
0.625 0.625 -0.0421649
0.625 0.675 -0.0238938
0.625 0.725 -0.00682981
0.625 0.775 0.00573186
0.625 0.825 0.0116707
0.625 0.875 0.00796998
0.625 0.925 0.00235415
0.625 0.975 -0.00359447

0.675 0.025 -0.000969121
0.675 0.075 -0.00580712
0.675 0.125 -0.0164758
0.675 0.175 -0.0282977
0.675 0.225 -0.0444608
0.675 0.275 -0.0609242
0.675 0.325 -0.0803109
0.675 0.375 -0.0980002
0.675 0.425 -0.115574
0.675 0.475 -0.127539
0.675 0.525 -0.134934
0.675 0.575 -0.132865
0.675 0.625 -0.123745
0.675 0.675 -0.106162
0.675 0.725 -0.0848542
0.675 0.775 -0.0631189
0.675 0.825 -0.0434364
0.675 0.875 -0.0313361
0.675 0.925 -0.0168769
0.675 0.975 -0.00806384

0.725 0.025 -0.00099832
0.725 0.075 -0.00638663
0.725 0.125 -0.018119
0.725 0.175 -0.0317225
0.725 0.225 -0.0506157
0.725 0.275 -0.0712153
0.725 0.325 -0.0964835
0.725 0.375 -0.12221
0.725 0.425 -0.149975
0.725 0.475 -0.173967
0.725 0.525 -0.194135
0.725 0.575 -0.203952
0.725 0.625 -0.203667
0.725 0.675 -0.189717
0.725 0.725 -0.165376
0.725 0.775 -0.13351
0.725 0.825 -0.0977902
0.725 0.875 -0.066414
0.725 0.925 -0.0319807
0.725 0.975 -0.0099526

0.775 0.025 -0.000991032
0.775 0.075 -0.00611299
0.775 0.125 -0.0177951
0.775 0.175 -0.0315936
0.775 0.225 -0.0516003
0.775 0.275 -0.0742992
0.775 0.325 -0.103714
0.775 0.375 -0.135779
0.775 0.425 -0.173342
0.775 0.475 -0.210155
0.775 0.525 -0.246717
0.775 0.575 -0.274144
0.775 0.625 -0.291651
0.775 0.675 -0.290952
0.775 0.725 -0.273833
0.775 0.775 -0.238264
0.775 0.825 -0.188996
0.775 0.875 -0.133892
0.775 0.925 -0.0683402
0.775 0.975 -0.0215762

0.825 0.025 -0.000749881
0.825 0.075 -0.00470635
0.825 0.125 -0.0146025
0.825 0.175 -0.0266422
0.825 0.225 -0.0449512
0.825 0.275 -0.0664932
0.825 0.325 -0.0957524
0.825 0.375 -0.129498
0.825 0.425 -0.171624
0.825 0.475 -0.2169
0.825 0.525 -0.266688
0.825 0.575 -0.311733
0.825 0.625 -0.349967
0.825 0.675 -0.369405
0.825 0.725 -0.367862
0.825 0.775 -0.337261
0.825 0.825 -0.279502
0.825 0.875 -0.199917
0.825 0.925 -0.100957
0.825 0.975 -0.0270667

0.875 0.025 -0.000423028
0.875 0.075 -0.00255043
0.875 0.125 -0.00966629
0.875 0.175 -0.0183873
0.875 0.225 -0.0329151
0.875 0.275 -0.0501578
0.875 0.325 -0.0751459
0.875 0.375 -0.104908
0.875 0.425 -0.144973
0.875 0.475 -0.191173
0.875 0.525 -0.247952
0.875 0.575 -0.306963
0.875 0.625 -0.369042
0.875 0.675 -0.418809
0.875 0.725 -0.453942
0.875 0.775 -0.454266
0.875 0.825 -0.420552
0.875 0.875 -0.33688
0.875 0.925 -0.21106
0.875 0.975 -0.0736523

0.925 0.025 -7.91493e-05
0.925 0.075 -0.000403154
0.925 0.125 -0.00429483
0.925 0.175 -0.00894112
0.925 0.225 -0.0180225
0.925 0.275 -0.0285045
0.925 0.325 -0.0450203
0.925 0.375 -0.064716
0.925 0.425 -0.0933245
0.925 0.475 -0.127661
0.925 0.525 -0.17409
0.925 0.575 -0.22712
0.925 0.625 -0.291812
0.925 0.675 -0.355965
0.925 0.725 -0.420346
0.925 0.775 -0.461115
0.925 0.825 -0.474823
0.925 0.875 -0.426275
0.925 0.925 -0.31416
0.925 0.975 -0.118444

0.975 0.025 0.000185922
0.975 0.075 0.00105276
0.975 0.125 5.12003e-05
0.975 0.175 -0.000733655
0.975 0.225 -0.00379228
0.975 0.275 -0.00654947
0.975 0.325 -0.0122056
0.975 0.375 -0.0181369
0.975 0.425 -0.0284671
0.975 0.475 -0.0404336
0.975 0.525 -0.0595922
0.975 0.575 -0.0827233
0.975 0.625 -0.117827
0.975 0.675 -0.159679
0.975 0.725 -0.219673
0.975 0.775 -0.283096
0.975 0.825 -0.364509
0.975 0.875 -0.410963
0.975 0.925 -0.441087
0.975 0.975 -0.233422

