0.025 0.025 -0.000539607
0.025 0.075 -9.91494e-06
0.025 0.125 0.00125604
0.025 0.175 0.00427437
0.025 0.225 0.0081584
0.025 0.275 0.0133457
0.025 0.325 0.0192054
0.025 0.375 0.0257737
0.025 0.425 0.0327355
0.025 0.475 0.0395413
0.025 0.525 0.0466073
0.025 0.575 0.0524624
0.025 0.625 0.0595116
0.025 0.675 0.0644632
0.025 0.725 0.075593
0.025 0.775 0.0843827
0.025 0.825 0.118997
0.025 0.875 0.146335
0.025 0.925 0.25767
0.025 0.975 0.201199

0.075 0.025 -0.000293169
0.075 0.075 0.00205416
0.075 0.125 0.00629697
0.075 0.175 0.0136356
0.075 0.225 0.022906
0.075 0.275 0.0347068
0.075 0.325 0.047959
0.075 0.375 0.0627507
0.075 0.425 0.0782282
0.075 0.475 0.0938253
0.075 0.525 0.109327
0.075 0.575 0.123392
0.075 0.625 0.137398
0.075 0.675 0.149079
0.075 0.725 0.162824
0.075 0.775 0.174717
0.075 0.825 0.191331
0.075 0.875 0.202798
0.075 0.925 0.185631
0.075 0.975 0.103681

0.125 0.025 -4.63923e-05
0.125 0.075 0.00370491
0.125 0.125 0.0103757
0.125 0.175 0.0206888
0.125 0.225 0.0336262
0.125 0.275 0.049567
0.125 0.325 0.0675171
0.125 0.375 0.0873114
0.125 0.425 0.108166
0.125 0.475 0.129089
0.125 0.525 0.149965
0.125 0.575 0.16871
0.125 0.625 0.186908
0.125 0.675 0.201003
0.125 0.725 0.215598
0.125 0.775 0.224432
0.125 0.825 0.232734
0.125 0.875 0.227238
0.125 0.925 0.178981
0.125 0.975 0.0874523

0.175 0.025 0.000103941
0.175 0.075 0.00493431
0.175 0.125 0.0131313
0.175 0.175 0.0252405
0.175 0.225 0.040003
0.175 0.275 0.0580733
0.175 0.325 0.0780618
0.175 0.375 0.100327
0.175 0.425 0.123321
0.175 0.475 0.146874
0.175 0.525 0.169321
0.175 0.575 0.190061
0.175 0.625 0.207402
0.175 0.675 0.220967
0.175 0.725 0.228229
0.175 0.775 0.230309
0.175 0.825 0.218021
0.175 0.875 0.195369
0.175 0.925 0.124771
0.175 0.975 0.0430766

0.225 0.025 0.00021958
0.225 0.075 0.00559284
0.225 0.125 0.0146974
0.225 0.175 0.0276077
0.225 0.225 0.0432879
0.225 0.275 0.0621771
0.225 0.325 0.0831899
0.225 0.375 0.10647
0.225 0.425 0.130779
0.225 0.475 0.155522
0.225 0.525 0.179299
0.225 0.575 0.200712
0.225 0.625 0.218337
0.225 0.675 0.230559
0.225 0.725 0.235248
0.225 0.775 0.231803
0.225 0.825 0.21218
0.225 0.875 0.17883
0.225 0.925 0.104893
0.225 0.975 0.0299052

0.275 0.025 0.000182124
0.275 0.075 0.00564756
0.275 0.125 0.0145502
0.275 0.175 0.0272451
0.275 0.225 0.0422841
0.275 0.275 0.0606826
0.275 0.325 0.0808666
0.275 0.375 0.103788
0.275 0.425 0.127385
0.275 0.475 0.152086
0.275 0.525 0.175008
0.275 0.575 0.196166
0.275 0.625 0.211697
0.275 0.675 0.222224
0.275 0.725 0.222213
0.275 0.775 0.21445
0.275 0.825 0.188251
0.275 0.875 0.149917
0.275 0.925 0.0812658
0.275 0.975 0.0155337

0.325 0.025 0.000236995
0.325 0.075 0.00542836
0.325 0.125 0.0137652
0.325 0.175 0.025454
0.325 0.225 0.0393233
0.325 0.275 0.05633
0.325 0.325 0.0753035
0.325 0.375 0.0970795
0.325 0.425 0.120028
0.325 0.475 0.144205
0.325 0.525 0.167116
0.325 0.575 0.187996
0.325 0.625 0.20345
0.325 0.675 0.212932
0.325 0.725 0.211869
0.325 0.775 0.201509
0.325 0.825 0.173524
0.325 0.875 0.132922
0.325 0.925 0.0684348
0.325 0.975 0.0108678

0.375 0.025 0.000111998
0.375 0.075 0.00454756
0.375 0.125 0.0111382
0.375 0.175 0.020826
0.375 0.225 0.0319771
0.375 0.275 0.0463909
0.375 0.325 0.0624174
0.375 0.375 0.0818614
0.375 0.425 0.102422
0.375 0.475 0.125183
0.375 0.525 0.146599
0.375 0.575 0.166922
0.375 0.625 0.181391
0.375 0.675 0.190458
0.375 0.725 0.188538
0.375 0.775 0.177533
0.375 0.825 0.150215
0.375 0.875 0.110902
0.375 0.925 0.0550591
0.375 0.975 0.00585808

0.425 0.025 0.000106006
0.425 0.075 0.00348659
0.425 0.125 0.00811849
0.425 0.175 0.0151353
0.425 0.225 0.0231953
0.425 0.275 0.0342102
0.425 0.325 0.0469699
0.425 0.375 0.0633136
0.425 0.425 0.081487
0.425 0.475 0.1024
0.425 0.525 0.123043
0.425 0.575 0.143082
0.425 0.625 0.158268
0.425 0.675 0.16801
0.425 0.725 0.167542
0.425 0.775 0.157466
0.425 0.825 0.132325
0.425 0.875 0.0955913
0.425 0.925 0.0458518
0.425 0.975 0.00411644

0.475 0.025 -0.000120845
0.475 0.075 0.00171271
0.475 0.125 0.00325582
0.475 0.175 0.00670968
0.475 0.225 0.0102188
0.475 0.275 0.0166464
0.475 0.325 0.0243194
0.475 0.375 0.0361197
0.475 0.425 0.049868
0.475 0.475 0.0675868
0.475 0.525 0.0857517
0.475 0.575 0.104926
0.475 0.625 0.120214
0.475 0.675 0.131326
0.475 0.725 0.133291
0.475 0.775 0.126134
0.475 0.825 0.106028
0.475 0.875 0.0746464
0.475 0.925 0.0348596
0.475 0.975 0.00152142

0.525 0.025 -0.000230329
0.525 0.075 -9.21368e-05
0.525 0.125 -0.00154966
0.525 0.175 -0.00198639
0.525 0.225 -0.00308098
0.525 0.275 -0.00183347
0.525 0.325 0.000435043
0.525 0.375 0.00675104
0.525 0.425 0.0155862
0.525 0.475 0.029158
0.525 0.525 0.0447633
0.525 0.575 0.0628915
0.525 0.625 0.0792587
0.525 0.675 0.0928194
0.525 0.725 0.0989549
0.525 0.775 0.0964616
0.525 0.825 0.0823851
0.525 0.875 0.0574987
0.525 0.925 0.026033
0.525 0.975 0.000368082

0.575 0.025 -0.00054694
0.575 0.075 -0.00235208
0.575 0.125 -0.00747367
0.575 0.175 -0.0121942
0.575 0.225 -0.0188439
0.575 0.275 -0.0236356
0.575 0.325 -0.0284495
0.575 0.375 -0.0292921
0.575 0.425 -0.0279292
0.575 0.475 -0.0208011
0.575 0.525 -0.0105495
0.575 0.575 0.00465054
0.575 0.625 0.0204632
0.575 0.675 0.0362744
0.575 0.725 0.0472461
0.575 0.775 0.0512395
0.575 0.825 0.0463831
0.575 0.875 0.0312026
0.575 0.925 0.0130996
0.575 0.975 -0.00225725

0.625 0.025 -0.000706573
0.625 0.075 -0.00418118
0.625 0.125 -0.0122025
0.625 0.175 -0.0207607
0.625 0.225 -0.0322474
0.625 0.275 -0.0429682
0.625 0.325 -0.0547223
0.625 0.375 -0.0634644
0.625 0.425 -0.0703621
0.625 0.475 -0.0713018
0.625 0.525 -0.0677074
0.625 0.575 -0.0569313
0.625 0.625 -0.0421473
0.625 0.675 -0.0238768
0.625 0.725 -0.00681395
0.625 0.775 0.00574583
0.625 0.825 0.011682
0.625 0.875 0.0079782
0.625 0.925 0.00235864
0.625 0.975 -0.00359328

0.675 0.025 -0.000968733
0.675 0.075 -0.00580567
0.675 0.125 -0.016473
0.675 0.175 -0.028293
0.675 0.225 -0.0444541
0.675 0.275 -0.0609155
0.675 0.325 -0.0803003
0.675 0.375 -0.0979878
0.675 0.425 -0.11556
0.675 0.475 -0.127524
0.675 0.525 -0.134917
0.675 0.575 -0.132848
0.675 0.625 -0.123728
0.675 0.675 -0.106146
0.675 0.725 -0.084839
0.675 0.775 -0.0631056
0.675 0.825 -0.0434256
0.675 0.875 -0.0313284
0.675 0.925 -0.0168727
0.675 0.975 -0.00806272

0.725 0.025 -0.000998045
0.725 0.075 -0.00638543
0.725 0.125 -0.0181165
0.725 0.175 -0.0317182
0.725 0.225 -0.0506095
0.725 0.275 -0.0712072
0.725 0.325 -0.0964736
0.725 0.375 -0.122199
0.725 0.425 -0.149963
0.725 0.475 -0.173954
0.725 0.525 -0.194121
0.725 0.575 -0.203937
0.725 0.625 -0.203652
0.725 0.675 -0.189703
0.725 0.725 -0.165362
0.725 0.775 -0.133498
0.725 0.825 -0.0977806
0.725 0.875 -0.0664072
0.725 0.925 -0.031977
0.725 0.975 -0.00995157

0.775 0.025 -0.000990871
0.775 0.075 -0.00611203
0.775 0.125 -0.0177929
0.775 0.175 -0.0315897
0.775 0.225 -0.0515945
0.775 0.275 -0.0742916
0.775 0.325 -0.103704
0.775 0.375 -0.135769
0.775 0.425 -0.17333
0.775 0.475 -0.210142
0.775 0.525 -0.246705
0.775 0.575 -0.274132
0.775 0.625 -0.291639
0.775 0.675 -0.290941
0.775 0.725 -0.273823
0.775 0.775 -0.238254
0.775 0.825 -0.188988
0.775 0.875 -0.133886
0.775 0.925 -0.0683372
0.775 0.975 -0.0215753

0.825 0.025 -0.00074982
0.825 0.075 -0.0047056
0.825 0.125 -0.0146005
0.825 0.175 -0.0266386
0.825 0.225 -0.0449457
0.825 0.275 -0.0664861
0.825 0.325 -0.0957439
0.825 0.375 -0.129489
0.825 0.425 -0.171614
0.825 0.475 -0.21689
0.825 0.525 -0.266678
0.825 0.575 -0.311724
0.825 0.625 -0.349959
0.825 0.675 -0.369397
0.825 0.725 -0.367855
0.825 0.775 -0.337255
0.825 0.825 -0.279497
0.825 0.875 -0.199914
0.825 0.925 -0.100955
0.825 0.975 -0.0270658

0.875 0.025 -0.000423096
0.875 0.075 -0.00254994
0.875 0.125 -0.00966466
0.875 0.175 -0.018384
0.875 0.225 -0.03291
0.875 0.275 -0.0501512
0.875 0.325 -0.075138
0.875 0.375 -0.104899
0.875 0.425 -0.144964
0.875 0.475 -0.191165
0.875 0.525 -0.247944
0.875 0.575 -0.306957
0.875 0.625 -0.369037
0.875 0.675 -0.418806
0.875 0.725 -0.45394
0.875 0.775 -0.454265
0.875 0.825 -0.42055
0.875 0.875 -0.336878
0.875 0.925 -0.211058
0.875 0.975 -0.0736515

0.925 0.025 -7.92868e-05
0.925 0.075 -0.000402894
0.925 0.125 -0.00429365
0.925 0.175 -0.00893857
0.925 0.225 -0.0180185
0.925 0.275 -0.0284994
0.925 0.325 -0.0450142
0.925 0.375 -0.0647093
0.925 0.425 -0.0933176
0.925 0.475 -0.127654
0.925 0.525 -0.174084
0.925 0.575 -0.227115
0.925 0.625 -0.291809
0.925 0.675 -0.355964
0.925 0.725 -0.420346
0.925 0.775 -0.461116
0.925 0.825 -0.474824
0.925 0.875 -0.426276
0.925 0.925 -0.314159
0.925 0.975 -0.118444

0.975 0.025 0.000185758
0.975 0.075 0.00105273
0.975 0.125 5.15834e-05
0.975 0.175 -0.000732605
0.975 0.225 -0.00379056
0.975 0.275 -0.00654722
0.975 0.325 -0.0122029
0.975 0.375 -0.0181339
0.975 0.425 -0.0284639
0.975 0.475 -0.0404304
0.975 0.525 -0.0595892
0.975 0.575 -0.0827207
0.975 0.625 -0.117825
0.975 0.675 -0.159678
0.975 0.725 -0.219674
0.975 0.775 -0.283097
0.975 0.825 -0.364511
0.975 0.875 -0.410965
0.975 0.925 -0.441088
0.975 0.975 -0.233422

