0.0125 -0.00948004
0.0375 -0.0264142
0.0625 -0.0420011
0.0875 -0.0564325
0.1125 -0.0701499
0.1375 -0.0832913
0.1625 -0.0961086
0.1875 -0.108689
0.2125 -0.121111
0.2375 -0.133394
0.2625 -0.145443
0.2875 -0.157188
0.3125 -0.168349
0.3375 -0.178762
0.3625 -0.187975
0.3875 -0.19575
0.4125 -0.201511
0.4375 -0.205012
0.4625 -0.205653
0.4875 -0.203277
0.5125 -0.197383
0.5375 -0.188012
0.5625 -0.174865
0.5875 -0.158226
0.6125 -0.138032
0.6375 -0.114743
0.6625 -0.0884503
0.6875 -0.0595677
0.7125 -0.0281182
0.7375 0.00593759
0.7625 0.0430646
0.7875 0.0844324
0.8125 0.131676
0.8375 0.18798
0.8625 0.256737
0.8875 0.343259
0.9125 0.451342
0.9375 0.584907
0.9625 0.741577
0.9875 0.914536
