0.003125 0.00237811
0.009375 0.00699751
0.015625 0.0114934
0.021875 0.01587
0.028125 0.0201394
0.034375 0.0243054
0.040625 0.0283787
0.046875 0.0323631
0.053125 0.036268
0.059375 0.0400969
0.065625 0.0438584
0.071875 0.0475555
0.078125 0.0511959
0.084375 0.0547827
0.090625 0.0583224
0.096875 0.0618178
0.103125 0.065275
0.109375 0.0686963
0.115625 0.072087
0.121875 0.0754495
0.128125 0.078788
0.134375 0.0821048
0.140625 0.0854035
0.146875 0.0886861
0.153125 0.0919555
0.159375 0.0952135
0.165625 0.0984621
0.171875 0.101703
0.178125 0.104938
0.184375 0.108167
0.190625 0.111392
0.196875 0.114614
0.203125 0.117833
0.209375 0.121049
0.215625 0.124261
0.221875 0.127471
0.228125 0.130675
0.234375 0.133875
0.240625 0.137068
0.246875 0.140254
0.253125 0.143429
0.259375 0.146592
0.265625 0.14974
0.271875 0.152872
0.278125 0.155982
0.284375 0.15907
0.290625 0.162129
0.296875 0.165157
0.303125 0.168149
0.309375 0.171101
0.315625 0.174006
0.321875 0.176863
0.328125 0.179662
0.334375 0.1824
0.340625 0.18507
0.346875 0.187666
0.353125 0.190182
0.359375 0.192611
0.365625 0.194945
0.371875 0.19718
0.378125 0.199305
0.384375 0.201317
0.390625 0.203205
0.396875 0.204964
0.403125 0.206584
0.409375 0.208061
0.415625 0.209385
0.421875 0.21055
0.428125 0.211547
0.434375 0.212371
0.440625 0.213013
0.446875 0.213469
0.453125 0.213729
0.459375 0.213791
0.465625 0.213644
0.471875 0.213287
0.478125 0.21271
0.484375 0.211914
0.490625 0.210888
0.496875 0.209634
0.503125 0.208143
0.509375 0.206417
0.515625 0.204448
0.521875 0.202239
0.528125 0.199785
0.534375 0.197088
0.540625 0.194143
0.546875 0.190955
0.553125 0.187521
0.559375 0.183844
0.565625 0.179924
0.571875 0.175766
0.578125 0.171368
0.584375 0.166738
0.590625 0.161875
0.596875 0.156786
0.603125 0.151472
0.609375 0.145941
0.615625 0.140195
0.621875 0.13424
0.628125 0.128079
0.634375 0.121721
0.640625 0.115167
0.646875 0.108424
0.653125 0.101496
0.659375 0.0943881
0.665625 0.0871036
0.671875 0.079648
0.678125 0.0720227
0.684375 0.0642322
0.690625 0.0562769
0.696875 0.0481591
0.703125 0.0398781
0.709375 0.0314336
0.715625 0.0228229
0.721875 0.0140425
0.728125 0.00508745
0.734375 -0.00404991
0.740625 -0.0133774
0.746875 -0.0229075
0.753125 -0.0326516
0.759375 -0.042628
0.765625 -0.0528524
0.771875 -0.0633495
0.778125 -0.0741404
0.784375 -0.0852572
0.790625 -0.0967267
0.796875 -0.10859
0.803125 -0.120879
0.809375 -0.133644
0.815625 -0.146925
0.821875 -0.160781
0.828125 -0.175259
0.834375 -0.190426
0.840625 -0.206336
0.846875 -0.223064
0.853125 -0.240668
0.859375 -0.25923
0.865625 -0.278809
0.871875 -0.29949
0.878125 -0.321331
0.884375 -0.344413
0.890625 -0.368786
0.896875 -0.394524
0.903125 -0.421661
0.909375 -0.450254
0.915625 -0.480312
0.921875 -0.511864
0.928125 -0.544886
0.934375 -0.579372
0.940625 -0.615249
0.946875 -0.652465
0.953125 -0.690895
0.959375 -0.730429
0.965625 -0.770883
0.971875 -0.812089
0.978125 -0.8538
0.984375 -0.895792
0.990625 -0.937768
0.996875 -0.97946
