0.00625 -0.00475727
0.01875 -0.0137349
0.03125 -0.0222758
0.04375 -0.0304106
0.05625 -0.0382207
0.06875 -0.0457319
0.08125 -0.0530098
0.09375 -0.0600765
0.10625 -0.0669836
0.11875 -0.07375
0.13125 -0.0804151
0.14375 -0.0869945
0.15625 -0.0935158
0.16875 -0.0999916
0.18125 -0.106438
0.19375 -0.112863
0.20625 -0.119271
0.21875 -0.125667
0.23125 -0.132042
0.24375 -0.138395
0.25625 -0.144707
0.26875 -0.150968
0.28125 -0.157147
0.29375 -0.163228
0.30625 -0.169167
0.31875 -0.174942
0.33125 -0.180497
0.34375 -0.185802
0.35625 -0.190792
0.36875 -0.195432
0.38125 -0.199647
0.39375 -0.203402
0.40625 -0.206615
0.41875 -0.209251
0.43125 -0.211227
0.44375 -0.212513
0.45625 -0.213029
0.46875 -0.21275
0.48125 -0.211606
0.49375 -0.209584
0.50625 -0.206624
0.51875 -0.202729
0.53125 -0.197854
0.54375 -0.192019
0.55625 -0.185193
0.56875 -0.177415
0.58125 -0.168671
0.59375 -0.159013
0.60625 -0.148442
0.61875 -0.137019
0.63125 -0.124757
0.64375 -0.111719
0.65625 -0.0979216
0.66875 -0.0834195
0.68125 -0.0682281
0.69375 -0.0523793
0.70625 -0.0358746
0.71875 -0.0187083
0.73125 -0.000853291
0.74375 0.0177548
0.75625 0.0371904
0.76875 0.0576015
0.78125 0.0791328
0.79375 0.102044
0.80625 0.126574
0.81875 0.153118
0.83125 0.182025
0.84375 0.213835
0.85625 0.24899
0.86875 0.288145
0.88125 0.33177
0.89375 0.380522
0.90625 0.434742
0.91875 0.494887
0.93125 0.560909
0.94375 0.632759
0.95625 0.70968
0.96875 0.790808
0.98125 0.874431
0.99375 0.958757
