0.0125 -0.0320038965665652
0.0375 0.122916478148528
0.0625 0.274810241235202
0.0875 0.419937264139764
0.1125 0.55472403790933
0.1375 0.675851664842036
0.1625 0.780337580763254
0.1875 0.865608995654129
0.2125 0.929566244280447
0.2375 0.970634486919089
0.2625 0.987802487138609
0.2875 0.980647511796276
0.3125 0.949345740131019
0.3375 0.894667925645864
0.3625 0.817960417598695
0.3875 0.721112009415258
0.4125 0.606507430326468
0.4375 0.476968625420283
0.4625 0.335685269988138
0.4875 0.186136229133347
0.5125 0.0320038965665653
0.5375 -0.122916478148528
0.5625 -0.274810241235202
0.5875 -0.419937264139764
0.6125 -0.55472403790933
0.6375 -0.675851664842036
0.6625 -0.780337580763254
0.6875 -0.865608995654129
0.7125 -0.929566244280447
0.7375 -0.970634486919089
0.7625 -0.987802487138609
0.7875 -0.980647511796276
0.8125 -0.94934574013102
0.8375 -0.894667925645864
0.8625 -0.817960417598695
0.8875 -0.721112009415258
0.9125 -0.606507430326468
0.9375 -0.476968625420283
0.9625 -0.335685269988138
0.9875 -0.186136229133347
