0.0125 0.0784590957278459
0.0375 0.233445363855905
0.0625 0.382683432365091
0.0875 0.522498564715949
0.1125 0.649448048330184
0.1375 0.760405965600031
0.1625 0.852640164354093
0.1875 0.923879532511287
0.2125 0.972369920397677
0.2375 0.996917333733128
0.2625 0.996917333733128
0.2875 0.972369920397677
0.3125 0.923879532511286
0.3375 0.852640164354092
0.3625 0.76040596560003
0.3875 0.649448048330184
0.4125 0.522498564715948
0.4375 0.38268343236509
0.4625 0.233445363855905
0.4875 0.078459095727845
0.5125 -0.0784590957278457
0.5375 -0.233445363855905
0.5625 -0.382683432365091
0.5875 -0.522498564715949
0.6125 -0.649448048330184
0.6375 -0.760405965600031
0.6625 -0.852640164354093
0.6875 -0.923879532511287
0.7125 -0.972369920397677
0.7375 -0.996917333733128
0.7625 -0.996917333733128
0.7875 -0.972369920397676
0.8125 -0.923879532511287
0.8375 -0.852640164354092
0.8625 -0.76040596560003
0.8875 -0.649448048330183
0.9125 -0.522498564715948
0.9375 -0.38268343236509
0.9625 -0.233445363855905
0.9875 -0.0784590957278442
