0.0625 1.03773
0.1875 1.03777
0.3125 1.03777
0.4375 1.03778
0.5625 1.03778
0.6875 1.03778
0.8125 1.03778
0.9375 1.03778
1.0625 1.03778
1.1875 1.03778
1.3125 1.03778
1.4375 1.03779
1.5625 1.03779
1.6875 1.03779
1.8125 1.03779
1.9375 1.03779
2.0625 1.03779
2.1875 1.03779
2.3125 1.03779
2.4375 1.03779
2.5625 1.03779
2.6875 1.03779
2.8125 1.03779
2.9375 1.03779
3.0625 1.03779
3.1875 1.0378
3.3125 1.03781
3.4375 1.03783
3.5625 1.03788
3.6875 1.03795
3.8125 1.03806
3.9375 1.03822
4.0625 1.03845
4.1875 1.03876
4.3125 1.03917
4.4375 1.03969
4.5625 1.04033
4.6875 1.0411
4.8125 1.04201
4.9375 1.04308
5.0625 1.04429
5.1875 1.04565
5.3125 1.04716
5.4375 1.04881
5.5625 1.05059
5.6875 1.0525
5.8125 1.05452
5.9375 1.05664
6.0625 1.05886
6.1875 1.06114
6.3125 1.06349
6.4375 1.06589
6.5625 1.06833
6.6875 1.07079
6.8125 1.07327
6.9375 1.07575
7.0625 1.07821
7.1875 1.08066
7.3125 1.08309
7.4375 1.08548
7.5625 1.08782
7.6875 1.09012
7.8125 1.09237
7.9375 1.09455
8.0625 1.09668
8.1875 1.09874
8.3125 1.10073
8.4375 1.10265
8.5625 1.1045
8.6875 1.10628
8.8125 1.10798
8.9375 1.1096
9.0625 1.11115
9.1875 1.11263
9.3125 1.11403
9.4375 1.11536
9.5625 1.11661
9.6875 1.1178
9.8125 1.11891
9.9375 1.11995
10.0625 1.12093
10.1875 1.12184
10.3125 1.12269
10.4375 1.12347
10.5625 1.12419
10.6875 1.12486
10.8125 1.12546
10.9375 1.12602
11.0625 1.12651
11.1875 1.12696
11.3125 1.12736
11.4375 1.1277
11.5625 1.12801
11.6875 1.12826
11.8125 1.12848
11.9375 1.12865
12.0625 1.12879
12.1875 1.12888
12.3125 1.12894
12.4375 1.12897
12.5625 1.12896
12.6875 1.12892
12.8125 1.12885
12.9375 1.12875
13.0625 1.12863
13.1875 1.12848
13.3125 1.1283
13.4375 1.1281
13.5625 1.12787
13.6875 1.12763
13.8125 1.12736
13.9375 1.12708
14.0625 1.12678
14.1875 1.12646
14.3125 1.12612
14.4375 1.12577
14.5625 1.1254
14.6875 1.12502
14.8125 1.12462
14.9375 1.12422
15.0625 1.1238
15.1875 1.12337
15.3125 1.12293
15.4375 1.12249
15.5625 1.12203
15.6875 1.12156
15.8125 1.12109
15.9375 1.12061
16.0625 1.12013
16.1875 1.11963
16.3125 1.11913
16.4375 1.11863
16.5625 1.11812
16.6875 1.11761
16.8125 1.11709
16.9375 1.11657
17.0625 1.11605
17.1875 1.11553
17.3125 1.115
17.4375 1.11447
17.5625 1.11393
17.6875 1.1134
17.8125 1.11286
17.9375 1.11233
18.0625 1.11179
18.1875 1.11125
18.3125 1.11072
18.4375 1.11018
18.5625 1.10964
18.6875 1.1091
18.8125 1.10856
18.9375 1.10803
19.0625 1.10749
19.1875 1.10696
19.3125 1.10642
19.4375 1.10589
19.5625 1.10536
19.6875 1.10483
19.8125 1.1043
19.9375 1.10378
20.0625 1.10325
20.1875 1.10273
20.3125 1.10221
20.4375 1.10169
20.5625 1.10118
20.6875 1.10066
20.8125 1.10015
20.9375 1.09964
21.0625 1.09914
21.1875 1.09863
21.3125 1.09813
21.4375 1.09764
21.5625 1.09714
21.6875 1.09665
21.8125 1.09616
21.9375 1.09567
22.0625 1.09519
22.1875 1.09471
22.3125 1.09423
22.4375 1.09375
22.5625 1.09328
22.6875 1.09281
22.8125 1.09235
22.9375 1.09188
23.0625 1.09142
23.1875 1.09096
23.3125 1.09051
23.4375 1.09006
23.5625 1.08962
23.6875 1.08916
23.8125 1.08873
23.9375 1.08828
24.0625 1.08786
24.1875 1.08741
24.3125 1.08701
24.4375 1.08654
24.5625 1.08618
24.6875 1.08567
24.8125 1.08538
24.9375 1.08477
