0.125 1.03762
0.375 1.0377
0.625 1.03772
0.875 1.03773
1.125 1.03773
1.375 1.03774
1.625 1.03774
1.875 1.03774
2.125 1.03774
2.375 1.03775
2.625 1.03775
2.875 1.03775
3.125 1.03773
3.375 1.03772
3.625 1.03775
3.875 1.03793
4.125 1.03837
4.375 1.03921
4.625 1.04056
4.875 1.04248
5.125 1.04501
5.375 1.04813
5.625 1.05178
5.875 1.05589
6.125 1.06035
6.375 1.06507
6.625 1.06995
6.875 1.07488
7.125 1.07979
7.375 1.0846
7.625 1.08925
7.875 1.0937
8.125 1.0979
8.375 1.10184
8.625 1.1055
8.875 1.10887
9.125 1.11194
9.375 1.11471
9.625 1.11719
9.875 1.1194
10.125 1.12133
10.375 1.12301
10.625 1.12444
10.875 1.12564
11.125 1.12663
11.375 1.12741
11.625 1.12801
11.875 1.12844
12.125 1.12871
12.375 1.12882
12.625 1.12881
12.875 1.12867
13.125 1.12842
13.375 1.12807
13.625 1.12762
13.875 1.12709
14.125 1.12649
14.375 1.12582
14.625 1.12509
14.875 1.1243
15.125 1.12348
15.375 1.1226
15.625 1.1217
15.875 1.12074
16.125 1.11979
16.375 1.11878
16.625 1.11778
16.875 1.11673
17.125 1.11571
17.375 1.11463
17.625 1.1136
17.875 1.1125
18.125 1.11146
18.375 1.11035
18.625 1.10932
18.875 1.10821
19.125 1.10718
19.375 1.10607
19.625 1.10506
19.875 1.10395
20.125 1.10296
20.375 1.10186
20.625 1.1009
20.875 1.09981
21.125 1.09888
21.375 1.09779
21.625 1.0969
21.875 1.09581
22.125 1.09496
22.375 1.09388
22.625 1.09308
22.875 1.09198
23.125 1.09126
23.375 1.09013
23.625 1.08949
23.875 1.08832
24.125 1.0878
24.375 1.08653
24.625 1.08618
24.875 1.08474
