0.025 0.025 8.1295e-06
0.025 0.075 7.85393e-06
0.025 0.125 7.41834e-06
0.025 0.175 6.9014e-06
0.025 0.225 6.07288e-06
0.025 0.275 5.25753e-06
0.025 0.325 4.15194e-06
0.025 0.375 3.10026e-06
0.025 0.425 1.83484e-06
0.025 0.475 6.53116e-07
0.025 0.525 -6.66373e-07
0.025 0.575 -1.85028e-06
0.025 0.625 -3.12e-06
0.025 0.675 -4.17731e-06
0.025 0.725 -5.29002e-06
0.025 0.775 -6.1119e-06
0.025 0.825 -6.94783e-06
0.025 0.875 -7.46886e-06
0.025 0.925 -7.90884e-06
0.025 0.975 -8.1837e-06

0.075 0.025 7.65708e-06
0.075 0.075 7.29158e-06
0.075 0.125 6.86254e-06
0.075 0.175 6.32367e-06
0.075 0.225 5.5537e-06
0.075 0.275 4.78529e-06
0.075 0.325 3.77842e-06
0.075 0.375 2.8124e-06
0.075 0.425 1.66814e-06
0.075 0.475 5.89712e-07
0.075 0.525 -6.00868e-07
0.075 0.575 -1.68129e-06
0.075 0.625 -2.82952e-06
0.075 0.675 -3.80066e-06
0.075 0.725 -4.81412e-06
0.075 0.775 -5.58858e-06
0.075 0.825 -6.36555e-06
0.075 0.875 -6.9089e-06
0.075 0.925 -7.34267e-06
0.075 0.975 -7.71041e-06

0.125 0.025 7.16029e-06
0.125 0.075 6.8226e-06
0.125 0.125 6.42887e-06
0.125 0.175 5.93971e-06
0.125 0.225 5.21062e-06
0.125 0.275 4.50824e-06
0.125 0.325 3.5447e-06
0.125 0.375 2.65924e-06
0.125 0.425 1.55952e-06
0.125 0.475 5.69829e-07
0.125 0.525 -5.75854e-07
0.125 0.575 -1.56742e-06
0.125 0.625 -2.67083e-06
0.125 0.675 -3.56111e-06
0.125 0.725 -4.53075e-06
0.125 0.775 -5.23889e-06
0.125 0.825 -5.97437e-06
0.125 0.875 -6.46794e-06
0.125 0.925 -6.86588e-06
0.125 0.975 -7.20592e-06

0.175 0.025 6.52365e-06
0.175 0.075 6.17285e-06
0.175 0.125 5.81224e-06
0.175 0.175 5.32179e-06
0.175 0.225 4.67752e-06
0.175 0.275 4.01117e-06
0.175 0.325 3.1741e-06
0.175 0.375 2.35273e-06
0.175 0.425 1.40518e-06
0.175 0.475 4.93755e-07
0.175 0.525 -4.90961e-07
0.175 0.575 -1.40424e-06
0.175 0.625 -2.35538e-06
0.175 0.675 -3.18156e-06
0.175 0.725 -4.02456e-06
0.175 0.775 -4.69673e-06
0.175 0.825 -5.34716e-06
0.175 0.875 -5.84231e-06
0.175 0.925 -6.20698e-06
0.175 0.975 -6.56041e-06

0.225 0.025 5.72981e-06
0.225 0.075 5.44469e-06
0.225 0.125 5.12021e-06
0.225 0.175 4.71514e-06
0.225 0.225 4.12491e-06
0.225 0.275 3.57079e-06
0.225 0.325 2.79537e-06
0.225 0.375 2.11006e-06
0.225 0.425 1.22716e-06
0.225 0.475 4.65589e-07
0.225 0.525 -4.53612e-07
0.225 0.575 -1.21693e-06
0.225 0.625 -2.10314e-06
0.225 0.675 -2.79298e-06
0.225 0.725 -3.57379e-06
0.225 0.775 -4.13345e-06
0.225 0.825 -4.72913e-06
0.225 0.875 -5.13869e-06
0.225 0.925 -5.46657e-06
0.225 0.975 -5.75388e-06

0.275 0.025 4.85367e-06
0.275 0.075 4.60722e-06
0.275 0.125 4.34353e-06
0.275 0.175 3.96857e-06
0.275 0.225 3.49728e-06
0.275 0.275 2.98756e-06
0.275 0.325 2.37619e-06
0.275 0.375 1.75177e-06
0.275 0.425 1.06092e-06
0.275 0.475 3.70093e-07
0.275 0.525 -3.47532e-07
0.275 0.575 -1.04007e-06
0.275 0.625 -1.73409e-06
0.275 0.675 -2.36297e-06
0.275 0.725 -2.97941e-06
0.275 0.775 -3.49464e-06
0.275 0.825 -3.97088e-06
0.275 0.875 -4.35031e-06
0.275 0.925 -4.61692e-06
0.275 0.975 -4.86511e-06

0.325 0.025 3.85739e-06
0.325 0.075 3.68141e-06
0.325 0.125 3.4558e-06
0.325 0.175 3.18909e-06
0.325 0.225 2.78042e-06
0.325 0.275 2.41824e-06
0.325 0.325 1.88192e-06
0.325 0.375 1.43734e-06
0.325 0.425 8.26776e-07
0.325 0.475 3.33965e-07
0.325 0.525 -3.01912e-07
0.325 0.575 -7.96345e-07
0.325 0.625 -1.40985e-06
0.325 0.675 -1.85869e-06
0.325 0.725 -2.39961e-06
0.325 0.775 -2.76709e-06
0.325 0.825 -3.18006e-06
0.325 0.875 -3.45105e-06
0.325 0.925 -3.67898e-06
0.325 0.975 -3.85622e-06

0.375 0.025 2.80935e-06
0.375 0.075 2.67696e-06
0.375 0.125 2.53032e-06
0.375 0.175 2.3074e-06
0.375 0.225 2.04608e-06
0.375 0.275 1.73745e-06
0.375 0.325 1.39917e-06
0.375 0.375 1.02011e-06
0.375 0.425 6.38296e-07
0.375 0.475 2.18652e-07
0.375 0.525 -1.78161e-07
0.375 0.575 -5.9939e-07
0.375 0.625 -9.83996e-07
0.375 0.675 -1.36724e-06
0.375 0.725 -1.70981e-06
0.375 0.775 -2.02366e-06
0.375 0.825 -2.28882e-06
0.375 0.875 -2.5159e-06
0.375 0.925 -2.66443e-06
0.375 0.975 -2.79763e-06

0.425 0.025 1.71267e-06
0.425 0.075 1.64308e-06
0.425 0.125 1.53548e-06
0.425 0.175 1.4301e-06
0.425 0.225 1.23511e-06
0.425 0.275 1.09342e-06
0.425 0.325 8.36638e-07
0.425 0.375 6.63029e-07
0.425 0.425 3.69521e-07
0.425 0.475 1.76535e-07
0.425 0.525 -1.30071e-07
0.425 0.575 -3.246e-07
0.425 0.625 -6.20771e-07
0.425 0.675 -7.98458e-07
0.425 0.725 -1.05927e-06
0.425 0.775 -1.20608e-06
0.425 0.825 -1.40453e-06
0.425 0.875 -1.51397e-06
0.425 0.925 -1.6231e-06
0.425 0.975 -1.6932e-06

0.475 0.025 5.76302e-07
0.475 0.075 5.46722e-07
0.475 0.125 5.27653e-07
0.475 0.175 4.69664e-07
0.475 0.225 4.37589e-07
0.475 0.275 3.53648e-07
0.475 0.325 3.13951e-07
0.475 0.375 2.09142e-07
0.475 0.425 1.65163e-07
0.475 0.475 4.79768e-08
0.475 0.525 1.69442e-09
0.475 0.575 -1.1702e-07
0.475 0.625 -1.63603e-07
0.475 0.675 -2.72455e-07
0.475 0.725 -3.16061e-07
0.475 0.775 -4.05079e-07
0.475 0.825 -4.40433e-07
0.475 0.875 -5.02428e-07
0.475 0.925 -5.22849e-07
0.475 0.975 -5.52765e-07

0.525 0.025 -5.52765e-07
0.525 0.075 -5.22849e-07
0.525 0.125 -5.02428e-07
0.525 0.175 -4.40433e-07
0.525 0.225 -4.05079e-07
0.525 0.275 -3.16061e-07
0.525 0.325 -2.72455e-07
0.525 0.375 -1.63603e-07
0.525 0.425 -1.1702e-07
0.525 0.475 1.69442e-09
0.525 0.525 4.79768e-08
0.525 0.575 1.65163e-07
0.525 0.625 2.09142e-07
0.525 0.675 3.13951e-07
0.525 0.725 3.53648e-07
0.525 0.775 4.37589e-07
0.525 0.825 4.69664e-07
0.525 0.875 5.27653e-07
0.525 0.925 5.46722e-07
0.525 0.975 5.76302e-07

0.575 0.025 -1.6932e-06
0.575 0.075 -1.6231e-06
0.575 0.125 -1.51397e-06
0.575 0.175 -1.40453e-06
0.575 0.225 -1.20608e-06
0.575 0.275 -1.05927e-06
0.575 0.325 -7.98458e-07
0.575 0.375 -6.20771e-07
0.575 0.425 -3.246e-07
0.575 0.475 -1.30071e-07
0.575 0.525 1.76535e-07
0.575 0.575 3.69521e-07
0.575 0.625 6.63029e-07
0.575 0.675 8.36638e-07
0.575 0.725 1.09342e-06
0.575 0.775 1.23511e-06
0.575 0.825 1.4301e-06
0.575 0.875 1.53548e-06
0.575 0.925 1.64308e-06
0.575 0.975 1.71267e-06

0.625 0.025 -2.79763e-06
0.625 0.075 -2.66443e-06
0.625 0.125 -2.5159e-06
0.625 0.175 -2.28882e-06
0.625 0.225 -2.02366e-06
0.625 0.275 -1.70981e-06
0.625 0.325 -1.36724e-06
0.625 0.375 -9.83996e-07
0.625 0.425 -5.9939e-07
0.625 0.475 -1.78161e-07
0.625 0.525 2.18652e-07
0.625 0.575 6.38296e-07
0.625 0.625 1.02011e-06
0.625 0.675 1.39917e-06
0.625 0.725 1.73745e-06
0.625 0.775 2.04608e-06
0.625 0.825 2.3074e-06
0.625 0.875 2.53032e-06
0.625 0.925 2.67696e-06
0.625 0.975 2.80935e-06

0.675 0.025 -3.85622e-06
0.675 0.075 -3.67898e-06
0.675 0.125 -3.45105e-06
0.675 0.175 -3.18006e-06
0.675 0.225 -2.76709e-06
0.675 0.275 -2.39961e-06
0.675 0.325 -1.85869e-06
0.675 0.375 -1.40985e-06
0.675 0.425 -7.96345e-07
0.675 0.475 -3.01912e-07
0.675 0.525 3.33965e-07
0.675 0.575 8.26776e-07
0.675 0.625 1.43734e-06
0.675 0.675 1.88192e-06
0.675 0.725 2.41824e-06
0.675 0.775 2.78042e-06
0.675 0.825 3.18909e-06
0.675 0.875 3.4558e-06
0.675 0.925 3.68141e-06
0.675 0.975 3.85739e-06

0.725 0.025 -4.86511e-06
0.725 0.075 -4.61692e-06
0.725 0.125 -4.35031e-06
0.725 0.175 -3.97088e-06
0.725 0.225 -3.49464e-06
0.725 0.275 -2.97941e-06
0.725 0.325 -2.36297e-06
0.725 0.375 -1.73409e-06
0.725 0.425 -1.04007e-06
0.725 0.475 -3.47532e-07
0.725 0.525 3.70093e-07
0.725 0.575 1.06092e-06
0.725 0.625 1.75177e-06
0.725 0.675 2.37619e-06
0.725 0.725 2.98756e-06
0.725 0.775 3.49728e-06
0.725 0.825 3.96857e-06
0.725 0.875 4.34353e-06
0.725 0.925 4.60722e-06
0.725 0.975 4.85367e-06

0.775 0.025 -5.75388e-06
0.775 0.075 -5.46657e-06
0.775 0.125 -5.13869e-06
0.775 0.175 -4.72913e-06
0.775 0.225 -4.13345e-06
0.775 0.275 -3.57379e-06
0.775 0.325 -2.79298e-06
0.775 0.375 -2.10314e-06
0.775 0.425 -1.21693e-06
0.775 0.475 -4.53612e-07
0.775 0.525 4.65589e-07
0.775 0.575 1.22716e-06
0.775 0.625 2.11006e-06
0.775 0.675 2.79537e-06
0.775 0.725 3.57079e-06
0.775 0.775 4.12491e-06
0.775 0.825 4.71514e-06
0.775 0.875 5.12021e-06
0.775 0.925 5.44469e-06
0.775 0.975 5.72981e-06

0.825 0.025 -6.56041e-06
0.825 0.075 -6.20698e-06
0.825 0.125 -5.84231e-06
0.825 0.175 -5.34716e-06
0.825 0.225 -4.69673e-06
0.825 0.275 -4.02456e-06
0.825 0.325 -3.18156e-06
0.825 0.375 -2.35538e-06
0.825 0.425 -1.40424e-06
0.825 0.475 -4.90961e-07
0.825 0.525 4.93755e-07
0.825 0.575 1.40518e-06
0.825 0.625 2.35273e-06
0.825 0.675 3.1741e-06
0.825 0.725 4.01117e-06
0.825 0.775 4.67752e-06
0.825 0.825 5.32179e-06
0.825 0.875 5.81224e-06
0.825 0.925 6.17285e-06
0.825 0.975 6.52365e-06

0.875 0.025 -7.20592e-06
0.875 0.075 -6.86588e-06
0.875 0.125 -6.46794e-06
0.875 0.175 -5.97437e-06
0.875 0.225 -5.23889e-06
0.875 0.275 -4.53075e-06
0.875 0.325 -3.56111e-06
0.875 0.375 -2.67083e-06
0.875 0.425 -1.56742e-06
0.875 0.475 -5.75854e-07
0.875 0.525 5.69829e-07
0.875 0.575 1.55952e-06
0.875 0.625 2.65924e-06
0.875 0.675 3.5447e-06
0.875 0.725 4.50824e-06
0.875 0.775 5.21062e-06
0.875 0.825 5.93971e-06
0.875 0.875 6.42887e-06
0.875 0.925 6.8226e-06
0.875 0.975 7.16029e-06

0.925 0.025 -7.71041e-06
0.925 0.075 -7.34267e-06
0.925 0.125 -6.9089e-06
0.925 0.175 -6.36555e-06
0.925 0.225 -5.58858e-06
0.925 0.275 -4.81412e-06
0.925 0.325 -3.80066e-06
0.925 0.375 -2.82952e-06
0.925 0.425 -1.68129e-06
0.925 0.475 -6.00868e-07
0.925 0.525 5.89712e-07
0.925 0.575 1.66814e-06
0.925 0.625 2.8124e-06
0.925 0.675 3.77842e-06
0.925 0.725 4.78529e-06
0.925 0.775 5.5537e-06
0.925 0.825 6.32367e-06
0.925 0.875 6.86254e-06
0.925 0.925 7.29158e-06
0.925 0.975 7.65708e-06

0.975 0.025 -8.1837e-06
0.975 0.075 -7.90884e-06
0.975 0.125 -7.46886e-06
0.975 0.175 -6.94783e-06
0.975 0.225 -6.1119e-06
0.975 0.275 -5.29002e-06
0.975 0.325 -4.17731e-06
0.975 0.375 -3.12e-06
0.975 0.425 -1.85028e-06
0.975 0.475 -6.66373e-07
0.975 0.525 6.53116e-07
0.975 0.575 1.83484e-06
0.975 0.625 3.10026e-06
0.975 0.675 4.15194e-06
0.975 0.725 5.25753e-06
0.975 0.775 6.07288e-06
0.975 0.825 6.9014e-06
0.975 0.875 7.41834e-06
0.975 0.925 7.85393e-06
0.975 0.975 8.1295e-06

