0.025 0.025 0.000168135
0.025 0.075 -0.000219025
0.025 0.125 -0.000536714
0.025 0.175 -0.000918432
0.025 0.225 -0.00115847
0.025 0.275 -0.00148586
0.025 0.325 -0.00163961
0.025 0.375 -0.00195825
0.025 0.425 -0.00199225
0.025 0.475 -0.00235324
0.025 0.525 -0.00225555
0.025 0.575 -0.00297233
0.025 0.625 -0.00298526
0.025 0.675 -0.00550708
0.025 0.725 -0.00698528
0.025 0.775 -0.0176181
0.025 0.825 -0.0250284
0.025 0.875 -0.0644056
0.025 0.925 -0.0435761
0.025 0.975 0.175703

0.075 0.025 0.00038379
0.075 0.075 -0.00157542
0.075 0.125 -0.00374722
0.075 0.175 -0.00598392
0.075 0.225 -0.007913
0.075 0.275 -0.00956114
0.075 0.325 -0.0107882
0.075 0.375 -0.0115713
0.075 0.425 -0.0117746
0.075 0.475 -0.0115174
0.075 0.525 -0.0106639
0.075 0.575 -0.00992995
0.075 0.625 -0.0090131
0.075 0.675 -0.0105714
0.075 0.725 -0.0129307
0.075 0.775 -0.0257816
0.075 0.825 -0.036919
0.075 0.875 -0.0742624
0.075 0.925 -0.0112828
0.075 0.975 0.283169

0.125 0.025 -0.00158775
0.125 0.075 -0.00680545
0.125 0.125 -0.0121161
0.125 0.175 -0.0175266
0.125 0.225 -0.0222295
0.125 0.275 -0.026539
0.125 0.325 -0.0296838
0.125 0.375 -0.0322276
0.125 0.425 -0.0330668
0.125 0.475 -0.0334513
0.125 0.525 -0.0318216
0.125 0.575 -0.0310423
0.125 0.625 -0.0286708
0.125 0.675 -0.0309312
0.125 0.725 -0.0326206
0.125 0.775 -0.0461224
0.125 0.825 -0.0531054
0.125 0.875 -0.0587008
0.125 0.925 0.0555458
0.125 0.975 0.465019

0.175 0.025 -0.00326901
0.175 0.075 -0.011993
0.175 0.125 -0.0207284
0.175 0.175 -0.0292333
0.175 0.225 -0.0367911
0.175 0.275 -0.0434523
0.175 0.325 -0.0485329
0.175 0.375 -0.0522209
0.175 0.425 -0.053552
0.175 0.475 -0.0533162
0.175 0.525 -0.0502854
0.175 0.575 -0.0468722
0.175 0.625 -0.0413043
0.175 0.675 -0.0392595
0.175 0.725 -0.0363578
0.175 0.775 -0.0429151
0.175 0.825 -0.0397226
0.175 0.875 -0.0205054
0.175 0.925 0.128508
0.175 0.975 0.549606

0.225 0.025 -0.00662078
0.225 0.075 -0.0198286
0.225 0.125 -0.0324197
0.225 0.175 -0.0443973
0.225 0.225 -0.0550619
0.225 0.275 -0.0645979
0.225 0.325 -0.0719375
0.225 0.375 -0.0774866
0.225 0.425 -0.0796142
0.225 0.475 -0.0794519
0.225 0.525 -0.0750082
0.225 0.575 -0.0691225
0.225 0.625 -0.0595765
0.225 0.675 -0.0517568
0.225 0.725 -0.0419606
0.225 0.775 -0.0359126
0.225 0.825 -0.0181625
0.225 0.875 0.0345528
0.225 0.925 0.207842
0.225 0.975 0.63287

0.275 0.025 -0.00907686
0.275 0.075 -0.0264671
0.275 0.125 -0.042741
0.275 0.175 -0.0578228
0.275 0.225 -0.0713601
0.275 0.275 -0.0833543
0.275 0.325 -0.0928262
0.275 0.375 -0.0998104
0.275 0.425 -0.102604
0.275 0.475 -0.101836
0.275 0.525 -0.0954755
0.275 0.575 -0.0859097
0.275 0.625 -0.07115
0.275 0.675 -0.0561701
0.275 0.725 -0.037601
0.275 0.775 -0.0198449
0.275 0.825 0.0132529
0.275 0.875 0.0867837
0.275 0.925 0.277435
0.275 0.975 0.684407

0.325 0.025 -0.0124466
0.325 0.075 -0.0341936
0.325 0.125 -0.0540153
0.325 0.175 -0.07213
0.325 0.225 -0.0884989
0.325 0.275 -0.10318
0.325 0.325 -0.115043
0.325 0.375 -0.124005
0.325 0.425 -0.127911
0.325 0.475 -0.127075
0.325 0.525 -0.119088
0.325 0.575 -0.105811
0.325 0.625 -0.0856337
0.325 0.675 -0.0622721
0.325 0.725 -0.0341858
0.325 0.775 -0.0019501
0.325 0.825 0.046371
0.325 0.875 0.141539
0.325 0.925 0.342227
0.325 0.975 0.729671

0.375 0.025 -0.0147391
0.375 0.075 -0.0399928
0.375 0.125 -0.0627649
0.375 0.175 -0.0833797
0.375 0.225 -0.102235
0.375 0.275 -0.119334
0.375 0.325 -0.133575
0.375 0.375 -0.144535
0.375 0.425 -0.149729
0.375 0.475 -0.148923
0.375 0.525 -0.139266
0.375 0.575 -0.122242
0.375 0.625 -0.0960849
0.375 0.675 -0.0645885
0.375 0.725 -0.0261776
0.375 0.775 0.0185002
0.375 0.825 0.0818395
0.375 0.875 0.191873
0.375 0.925 0.39949
0.375 0.975 0.76371

0.425 0.025 -0.0171037
0.425 0.075 -0.0452178
0.425 0.125 -0.0702922
0.425 0.175 -0.0929677
0.425 0.225 -0.114063
0.425 0.275 -0.133619
0.425 0.325 -0.150513
0.425 0.375 -0.164008
0.425 0.425 -0.171232
0.425 0.475 -0.171251
0.425 0.525 -0.160826
0.425 0.575 -0.140602
0.425 0.625 -0.109169
0.425 0.675 -0.0694195
0.425 0.725 -0.0212609
0.425 0.775 0.0363729
0.425 0.825 0.113001
0.425 0.875 0.236694
0.425 0.925 0.447269
0.425 0.975 0.790587

0.475 0.025 -0.0183299
0.475 0.075 -0.0480038
0.475 0.125 -0.0744122
0.475 0.175 -0.098455
0.475 0.225 -0.121309
0.475 0.275 -0.143107
0.475 0.325 -0.162677
0.475 0.375 -0.179051
0.475 0.425 -0.188815
0.475 0.475 -0.190478
0.475 0.525 -0.179947
0.475 0.575 -0.157468
0.475 0.625 -0.121012
0.475 0.675 -0.0738625
0.475 0.725 -0.0156342
0.475 0.775 0.0537156
0.475 0.825 0.143712
0.475 0.875 0.278344
0.475 0.925 0.490962
0.475 0.975 0.813676

0.525 0.025 -0.0186945
0.525 0.075 -0.0485933
0.525 0.125 -0.0752878
0.525 0.175 -0.0999291
0.525 0.225 -0.123998
0.525 0.275 -0.147718
0.525 0.325 -0.169984
0.525 0.375 -0.189556
0.525 0.425 -0.202698
0.525 0.475 -0.207134
0.525 0.525 -0.198165
0.525 0.575 -0.175064
0.525 0.625 -0.135568
0.525 0.675 -0.0824974
0.525 0.725 -0.0160707
0.525 0.775 0.0636338
0.525 0.825 0.164486
0.525 0.875 0.307858
0.525 0.925 0.52039
0.525 0.975 0.826965

0.575 0.025 -0.0180069
0.575 0.075 -0.0466837
0.575 0.125 -0.0725168
0.575 0.175 -0.096922
0.575 0.225 -0.12146
0.575 0.275 -0.146621
0.575 0.325 -0.17126
0.575 0.375 -0.1942
0.575 0.425 -0.21122
0.575 0.475 -0.219654
0.575 0.525 -0.21368
0.575 0.575 -0.191963
0.575 0.625 -0.15094
0.575 0.675 -0.0935597
0.575 0.725 -0.0192783
0.575 0.775 0.0702825
0.575 0.825 0.182671
0.575 0.875 0.334691
0.575 0.925 0.548087
0.575 0.975 0.840073

0.625 0.025 -0.0157955
0.625 0.075 -0.0416663
0.625 0.125 -0.0654447
0.625 0.175 -0.0885573
0.625 0.225 -0.112554
0.625 0.275 -0.138111
0.625 0.325 -0.164326
0.625 0.375 -0.190074
0.625 0.425 -0.211187
0.625 0.475 -0.224512
0.625 0.525 -0.223616
0.625 0.575 -0.206076
0.625 0.625 -0.167193
0.625 0.675 -0.109282
0.625 0.725 -0.0310382
0.625 0.775 0.0644932
0.625 0.825 0.184518
0.625 0.875 0.341136
0.625 0.925 0.553844
0.625 0.975 0.837803

0.675 0.025 -0.0131198
0.675 0.075 -0.0351879
0.675 0.125 -0.0559367
0.675 0.175 -0.0768759
0.675 0.225 -0.0992505
0.675 0.275 -0.124145
0.675 0.325 -0.150762
0.675 0.375 -0.178559
0.675 0.425 -0.203381
0.675 0.475 -0.222307
0.675 0.525 -0.228049
0.675 0.575 -0.217522
0.675 0.625 -0.183995
0.675 0.675 -0.128894
0.675 0.725 -0.0489035
0.675 0.775 0.0517826
0.675 0.825 0.180433
0.675 0.875 0.344008
0.675 0.925 0.559653
0.675 0.975 0.838834

0.725 0.025 -0.00902234
0.725 0.075 -0.0261626
0.725 0.125 -0.0429571
0.725 0.175 -0.0605752
0.725 0.225 -0.0799306
0.725 0.275 -0.102263
0.725 0.325 -0.127252
0.725 0.375 -0.154813
0.725 0.425 -0.18165
0.725 0.475 -0.205153
0.725 0.525 -0.218291
0.725 0.575 -0.217265
0.725 0.625 -0.193895
0.725 0.675 -0.148172
0.725 0.725 -0.0740813
0.725 0.775 0.0230759
0.725 0.825 0.152736
0.725 0.875 0.314577
0.725 0.925 0.530572
0.725 0.975 0.812863

0.775 0.025 -0.00573806
0.775 0.075 -0.0180704
0.775 0.125 -0.0306039
0.775 0.175 -0.0443821
0.775 0.225 -0.0597604
0.775 0.275 -0.0782793
0.775 0.325 -0.0997692
0.775 0.375 -0.125069
0.775 0.425 -0.151626
0.775 0.475 -0.178148
0.775 0.525 -0.198065
0.775 0.575 -0.207991
0.775 0.625 -0.19823
0.775 0.675 -0.167185
0.775 0.725 -0.10511
0.775 0.775 -0.0158024
0.775 0.825 0.113338
0.775 0.875 0.278199
0.775 0.925 0.503192
0.775 0.975 0.796901

0.825 0.025 -0.00192164
0.825 0.075 -0.00936179
0.825 0.125 -0.0174796
0.825 0.175 -0.0267732
0.825 0.225 -0.0372279
0.825 0.275 -0.0501524
0.825 0.325 -0.0657744
0.825 0.375 -0.0851868
0.825 0.425 -0.107276
0.825 0.475 -0.131779
0.825 0.525 -0.154302
0.825 0.575 -0.172332
0.825 0.625 -0.177088
0.825 0.675 -0.165989
0.825 0.725 -0.126769
0.825 0.775 -0.0617611
0.825 0.825 0.0483639
0.825 0.875 0.193922
0.825 0.925 0.418257
0.825 0.975 0.722947

0.875 0.025 -0.000285222
0.875 0.075 -0.00422124
0.875 0.125 -0.00867132
0.875 0.175 -0.0140366
0.875 0.225 -0.0199124
0.875 0.275 -0.0274808
0.875 0.325 -0.0367667
0.875 0.375 -0.0491996
0.875 0.425 -0.0642255
0.875 0.475 -0.0830857
0.875 0.525 -0.103233
0.875 0.575 -0.124713
0.875 0.625 -0.140559
0.875 0.675 -0.14929
0.875 0.725 -0.137254
0.875 0.775 -0.104161
0.875 0.825 -0.0240059
0.875 0.875 0.0996541
0.875 0.925 0.330341
0.875 0.975 0.668878

0.925 0.025 0.00104839
0.925 0.075 -0.000122008
0.925 0.125 -0.00164612
0.925 0.175 -0.00352764
0.925 0.225 -0.00546044
0.925 0.275 -0.00792449
0.925 0.325 -0.011027
0.925 0.375 -0.0153615
0.925 0.425 -0.0210122
0.925 0.475 -0.0288023
0.925 0.525 -0.0385131
0.925 0.575 -0.0512427
0.925 0.625 -0.0652422
0.925 0.675 -0.081089
0.925 0.725 -0.091312
0.925 0.775 -0.0951514
0.925 0.825 -0.0690222
0.925 0.875 -0.0155698
0.925 0.925 0.15503
0.925 0.975 0.438235

0.975 0.025 0.00019364
0.975 0.075 -9.09634e-06
0.975 0.125 -0.000136766
0.975 0.175 -0.000312341
0.975 0.225 -0.000352131
0.975 0.275 -0.000485879
0.975 0.325 -0.00055777
0.975 0.375 -0.000897634
0.975 0.425 -0.00128261
0.975 0.475 -0.00232142
0.975 0.525 -0.00377565
0.975 0.575 -0.00699168
0.975 0.625 -0.0117133
0.975 0.675 -0.0207571
0.975 0.725 -0.0321044
0.975 0.775 -0.0496843
0.975 0.825 -0.0588452
0.975 0.875 -0.0610083
0.975 0.925 0.0225109
0.975 0.975 0.236274

