1 0.657417 0.943424 1.16868
2 0.183854 0.202868 0.500552
3 0.0904953 0.0939393 0.27039
4 0.0637786 0.0566019 0.124334
5 0.0477907 0.0465838 0.0674483
6 0.0379941 0.0366233 0.0340648
7 0.0327326 0.030123 0.0282734
8 0.0283947 0.0261064 0.0244008
9 0.0248197 0.0227295 0.0204988
10 0.021857 0.0199438 0.017896
11 0.0193825 0.017607 0.0156928
12 0.0174852 0.0157324 0.0137427
13 0.0160729 0.014276 0.0123006
14 0.014805 0.0129879 0.0110267
15 0.0136667 0.0118462 0.00990217
16 0.0126436 0.0108319 0.00892704
17 0.0117225 0.00992804 0.00808666
18 0.0108914 0.00917237 0.00737327
19 0.0101397 0.00852114 0.00673331
20 0.00951747 0.00792564 0.00615605
21 0.00899243 0.00738056 0.00563608
22 0.00850332 0.00688106 0.00516641
23 0.0080476 0.00642274 0.00476406
24 0.00762285 0.00600165 0.00439705
25 0.00722671 0.00563564 0.00406085
26 0.006857 0.00530674 0.00375244
27 0.00651167 0.00500017 0.00346924
28 0.00618883 0.00471426 0.00320873
29 0.00588674 0.00444746 0.00296893
30 0.00562432 0.00419833 0.0027482
31 0.0053901 0.00396553 0.00254924
32 0.00516763 0.00374782 0.00236442
33 0.00495631 0.00355041 0.00219278
34 0.00475553 0.00337127 0.00203324
35 0.00456473 0.00320218 0.00188498
36 0.00438334 0.00304251 0.0017471
37 0.00421084 0.00289167 0.00161892
38 0.00404674 0.0027491 0.00149969
39 0.00389056 0.0026143 0.0013888
40 0.00374186 0.00248676 0.00128566
41 0.00360022 0.00236605 0.00118972
42 0.00347245 0.00225173 0.00110098
43 0.00335553 0.00214342 0.00103776
44 0.00324321 0.00204435 0.000978456
45 0.00313531 0.00195046 0.000922807
46 0.00303163 0.00186099 0.000870567
47 0.00293201 0.00177572 0.00082151
48 0.00283625 0.00169444 0.000775428
49 0.0027442 0.00161694 0.000732126
50 0.0026557 0.00154304 0.000691425
51 0.00257058 0.00147256 0.000653158
52 0.00248871 0.00140532 0.000617168
53 0.00240994 0.00134116 0.000583312
54 0.00233413 0.00127994 0.000551455
55 0.00226116 0.00122151 0.00052147
56 0.00219277 0.00116574 0.000493242
57 0.00212994 0.0011125 0.000466659
58 0.00206913 0.00106166 0.000441621
59 0.00201029 0.00101312 0.000418033
60 0.00195333 0.000966768 0.000395804
61 0.00189819 0.000922497 0.000374851
62 0.0018448 0.000880213 0.000355098
63 0.00179311 0.000839824 0.00033647
64 0.00174306 0.000801242 0.0003189
65 0.00169458 0.000764384 0.000302324
66 0.00164762 0.000729171 0.000286682
67 0.00160212 0.000695529 0.000271918
68 0.00155804 0.000667177 0.000257979
69 0.00151531 0.000641361 0.000244817
70 0.00147391 0.000616609 0.000232385
71 0.00143376 0.000592873 0.000220641
72 0.00139484 0.000570166 0.000209542
73 0.0013571 0.000548528 0.000199053
74 0.00132196 0.000527753 0.000189136
75 0.00128814 0.000507805 0.000179758
76 0.00125523 0.00048865 0.000170889
77 0.00122321 0.000470255 0.000162498
78 0.00119205 0.000452589 0.000154557
79 0.00116172 0.000435621 0.000147043
80 0.00113221 0.000419323 0.000139947
81 0.00110348 0.000403668 0.000133226
82 0.00107552 0.000388628 0.000126859
83 0.0010483 0.000374179 0.000120826
84 0.0010218 0.000360297 0.000115107
85 0.000995996 0.000346958 0.000109687
86 0.000970874 0.000334141 0.000104546
87 0.000946413 0.000321824 9.96704e-05
88 0.000922592 0.000309987 9.50447e-05
89 0.000899394 0.00029861 9.06552e-05
90 0.0008768 0.000287675 8.64887e-05
91 0.000854794 0.000277163 8.25329e-05
92 0.000833359 0.000267059 7.87763e-05
93 0.000812478 0.000257345 7.52079e-05
94 0.000792137 0.000248006 7.18174e-05
95 0.000772319 0.000239027 6.85953e-05
96 0.000753011 0.000230392 6.55323e-05
97 0.000734198 0.00022209 6.26198e-05
98 0.000715867 0.000214105 5.98499e-05
99 0.000698004 0.000206426 5.72148e-05
100 0.000680595 0.00019904 5.47074e-05
101 0.00066363 0.000191936 5.23209e-05
102 0.000647096 0.000185102 5.00489e-05
103 0.00063098 0.000178528 4.78854e-05
104 0.000615332 0.000172203 4.58247e-05
105 0.000600303 0.000166117 4.38614e-05
106 0.000585636 0.000160262 4.19905e-05
107 0.000571321 0.000154627 4.02072e-05
108 0.000557352 0.000149205 3.85071e-05
109 0.000543718 0.000143986 3.68857e-05
110 0.000530412 0.000138963 3.53392e-05
111 0.000517427 0.000134128 3.38637e-05
112 0.000504754 0.000129474 3.24556e-05
113 0.000492386 0.000124993 3.11116e-05
114 0.000480315 0.000120679 2.98284e-05
115 0.000468535 0.000116526 2.8603e-05
116 0.000457039 0.000112526 2.74326e-05
117 0.000445818 0.000108675 2.63143e-05
118 0.000434868 0.000104966 2.52457e-05
119 0.000424181 0.000101393 2.42244e-05
120 0.000413752 9.79518e-05 2.3248e-05
121 0.000403573 9.46369e-05 2.23143e-05
122 0.000393639 9.14434e-05 2.14214e-05
123 0.000383945 8.83666e-05 2.05672e-05
124 0.000374483 8.54019e-05 1.97499e-05
125 0.000365753 8.25452e-05 1.89677e-05
126 0.000357613 7.97922e-05 1.8219e-05
127 0.00034966 7.71388e-05 1.75023e-05
128 0.00034189 7.45814e-05 1.68159e-05
129 0.000334299 7.21162e-05 1.61586e-05
130 0.000326881 6.97397e-05 1.55289e-05
131 0.000319634 6.74485e-05 1.49256e-05
132 0.000312554 6.52393e-05 1.43474e-05
133 0.000305635 6.3109e-05 1.37933e-05
134 0.000298875 6.10547e-05 1.32622e-05
135 0.000292269 5.90733e-05 1.27529e-05
136 0.000285814 5.71623e-05 1.22645e-05
137 0.000279507 5.53188e-05 1.18096e-05
138 0.000273343 5.35404e-05 1.14824e-05
139 0.000267321 5.18246e-05 1.11613e-05
140 0.000261435 5.0169e-05 1.08465e-05
141 0.000255683 4.85715e-05 1.0538e-05
142 0.000250063 4.70297e-05 1.02359e-05
143 0.00024457 4.55416e-05 9.94024e-06
144 0.000239202 4.41052e-05 9.65111e-06
145 0.000233956 4.27186e-05 9.3685e-06
146 0.000228829 4.13799e-05 9.0924e-06
147 0.000223818 4.00873e-05 8.82279e-06
148 0.000218921 3.88392e-05 8.55965e-06
149 0.000214135 3.76339e-05 8.30293e-06
150 0.000209457 3.64697e-05 8.05259e-06
151 0.000204885 3.53452e-05 7.80856e-06
152 0.000200417 3.4259e-05 7.57078e-06
153 0.000196049 3.32096e-05 7.33916e-06
154 0.00019178 3.21956e-05 7.11364e-06
155 0.000187608 3.12158e-05 6.89411e-06
156 0.000183529 3.0269e-05 6.6805e-06
157 0.000179543 2.93538e-05 6.47269e-06
158 0.000175646 2.84693e-05 6.2706e-06
159 0.000171837 2.76142e-05 6.07412e-06
160 0.000168113 2.67875e-05 5.88313e-06
161 0.000164474 2.59881e-05 5.69755e-06
162 0.000160916 2.52152e-05 5.51725e-06
163 0.000157438 2.44677e-05 5.34212e-06
164 0.000154038 2.37447e-05 5.17206e-06
165 0.000150714 2.30454e-05 5.00694e-06
166 0.000147465 2.23688e-05 4.84667e-06
167 0.000144289 2.17143e-05 4.69113e-06
168 0.000141183 2.1081e-05 4.5402e-06
169 0.000138147 2.04681e-05 4.39378e-06
170 0.00013518 1.9875e-05 4.25176e-06
171 0.000132278 1.93009e-05 4.11402e-06
172 0.000129441 1.87452e-05 3.98046e-06
173 0.000126668 1.82072e-05 3.85096e-06
174 0.000123956 1.76864e-05 3.72544e-06
175 0.000121305 1.7182e-05 3.60377e-06
176 0.000118713 1.66936e-05 3.48586e-06
177 0.000116179 1.62206e-05 3.3716e-06
178 0.000113701 1.57624e-05 3.26091e-06
179 0.000111278 1.53185e-05 3.15367e-06
180 0.000108909 1.48885e-05 3.04979e-06
181 0.000106593 1.44719e-05 2.94918e-06
182 0.000104328 1.40682e-05 2.85174e-06
183 0.000102113 1.36769e-05 2.75739e-06
184 9.99472e-05 1.32977e-05 2.66604e-06
185 9.78296e-05 1.29302e-05 2.5776e-06
186 9.57588e-05 1.25739e-05 2.49198e-06
187 9.37339e-05 1.22284e-05 2.4091e-06
188 9.17538e-05 1.18935e-05 2.32888e-06
189 8.98174e-05 1.15687e-05 2.25125e-06
190 8.79237e-05 1.12537e-05 2.17612e-06
191 8.60719e-05 1.09481e-05 2.10342e-06
192 8.42609e-05 1.06518e-05 2.03307e-06
193 8.24898e-05 1.03643e-05 1.96501e-06
194 8.07578e-05 1.00854e-05 1.89917e-06
195 7.90638e-05 9.81474e-06 1.83547e-06
196 7.74072e-05 9.55211e-06 1.77385e-06
197 7.57869e-05 9.29723e-06 1.71425e-06
198 7.42022e-05 9.04985e-06 1.65661e-06
199 7.26524e-05 8.80972e-06 1.60085e-06
200 7.11365e-05 8.57661e-06 1.54693e-06
201 6.96538e-05 8.35029e-06 1.49479e-06
202 6.82037e-05 8.13054e-06 1.44437e-06
203 6.67853e-05 7.91715e-06 1.39561e-06
204 6.53979e-05 7.70991e-06 1.34847e-06
205 6.40408e-05 7.50864e-06 1.30289e-06
206 6.27134e-05 7.31313e-06 1.25882e-06
207 6.1415e-05 7.12321e-06 1.21622e-06
208 6.01449e-05 6.9387e-06 1.17503e-06
209 5.89025e-05 6.75943e-06 1.13521e-06
210 5.76871e-05 6.58523e-06 1.09673e-06
211 5.64982e-05 6.41594e-06 1.05952e-06
212 5.53351e-05 6.25141e-06 1.02356e-06
213 5.41974e-05 6.0915e-06 9.88807e-07
214 5.30843e-05 5.93606e-06 9.55213e-07
215 5.19954e-05 5.78495e-06 9.22746e-07
216 5.09301e-05 5.63803e-06 8.91367e-07
217 4.98879e-05 5.49519e-06 8.61042e-07
218 4.88683e-05 5.35628e-06 8.31737e-07
219 4.78707e-05 5.2212e-06 8.03417e-07
220 4.68946e-05 5.08983e-06 7.7605e-07
221 4.59397e-05 4.96205e-06 7.49605e-07
222 4.50054e-05 4.83776e-06 7.24051e-07
223 4.40912e-05 4.71684e-06 6.9936e-07
224 4.31967e-05 4.59921e-06 6.75502e-07
225 4.23215e-05 4.48476e-06 6.5245e-07
226 4.14651e-05 4.37339e-06 6.30177e-07
227 4.06271e-05 4.26501e-06 6.08658e-07
228 3.98071e-05 4.15954e-06 5.87867e-07
229 3.90047e-05 4.05689e-06 5.6778e-07
230 3.82195e-05 3.95698e-06 5.48374e-07
231 3.74511e-05 3.85972e-06 5.29626e-07
232 3.66992e-05 3.76504e-06 5.11514e-07
233 3.59633e-05 3.67286e-06 4.94017e-07
234 3.52432e-05 3.58311e-06 4.77114e-07
235 3.45384e-05 3.49572e-06 4.60785e-07
236 3.38487e-05 3.41062e-06 4.45012e-07
237 3.31737e-05 3.32775e-06 4.29774e-07
238 3.2513e-05 3.24703e-06 4.15056e-07
239 3.18664e-05 3.16842e-06 4.00838e-07
240 3.12335e-05 3.09185e-06 3.87104e-07
241 3.06141e-05 3.01726e-06 3.73838e-07
242 3.00078e-05 2.94459e-06 3.61024e-07
243 2.94143e-05 2.87379e-06 3.48647e-07
244 2.88334e-05 2.80482e-06 3.36693e-07
245 2.82648e-05 2.73761e-06 3.25146e-07
246 2.77082e-05 2.67211e-06 3.13993e-07
247 2.71634e-05 2.60829e-06 3.03221e-07
248 2.663e-05 2.54609e-06 2.92816e-07
249 2.61079e-05 2.48547e-06 2.82767e-07
250 2.55968e-05 2.42638e-06 2.73062e-07
251 2.50964e-05 2.36878e-06 2.63688e-07
252 2.46066e-05 2.31264e-06 2.54635e-07
253 2.4127e-05 2.25791e-06 2.45891e-07
254 2.36574e-05 2.20455e-06 2.37447e-07
255 2.31977e-05 2.15252e-06 2.29291e-07
256 2.27476e-05 2.1018e-06 2.21414e-07
257 2.2307e-05 2.05233e-06 2.13808e-07
258 2.18755e-05 2.0093e-06 2.06461e-07
259 2.1453e-05 1.97051e-06 1.99366e-07
260 2.10393e-05 1.93236e-06 1.92515e-07
261 2.06342e-05 1.89484e-06 1.85898e-07
262 2.02375e-05 1.85795e-06 1.79508e-07
263 1.98491e-05 1.82167e-06 1.73336e-07
264 1.94688e-05 1.78602e-06 1.67377e-07
265 1.90963e-05 1.75097e-06 1.61622e-07
266 1.87315e-05 1.71652e-06 1.56064e-07
267 1.83742e-05 1.68267e-06 1.50696e-07
268 1.80244e-05 1.64941e-06 1.45513e-07
269 1.76817e-05 1.61673e-06 1.40508e-07
270 1.73461e-05 1.58463e-06 1.35675e-07
271 1.70174e-05 1.5531e-06 1.31007e-07
272 1.66955e-05 1.52213e-06 1.265e-07
273 1.63802e-05 1.49171e-06 1.22147e-07
274 1.60713e-05 1.46185e-06 1.17944e-07
275 1.57688e-05 1.43252e-06 1.13885e-07
276 1.54724e-05 1.40373e-06 1.09966e-07
277 1.51821e-05 1.37546e-06 1.06181e-07
278 1.48977e-05 1.34771e-06 1.02527e-07
279 1.46192e-05 1.32048e-06 9.89977e-08
280 1.43463e-05 1.29374e-06 9.55899e-08
281 1.40789e-05 1.26751e-06 9.22992e-08
282 1.3817e-05 1.24177e-06 8.91216e-08
283 1.35603e-05 1.21651e-06 8.60532e-08
284 1.33089e-05 1.19172e-06 8.30904e-08
285 1.30626e-05 1.1674e-06 8.02294e-08
286 1.28212e-05 1.14355e-06 7.74667e-08
287 1.25847e-05 1.12014e-06 7.47991e-08
288 1.2353e-05 1.09719e-06 7.22232e-08
289 1.21259e-05 1.07467e-06 6.97359e-08
290 1.19034e-05 1.05259e-06 6.73342e-08
291 1.16854e-05 1.03093e-06 6.50151e-08
292 1.14717e-05 1.00969e-06 6.27758e-08
293 1.12623e-05 9.8886e-07 6.06135e-08
294 1.10571e-05 9.68437e-07 5.85256e-08
295 1.0856e-05 9.48412e-07 5.65096e-08
296 1.06589e-05 9.28778e-07 5.45629e-08
297 1.04658e-05 9.09529e-07 5.26833e-08
298 1.02764e-05 8.90659e-07 5.08683e-08
299 1.00908e-05 8.72159e-07 4.91158e-08
300 9.90894e-06 8.54025e-07 4.74236e-08
301 9.73065e-06 8.3625e-07 4.57897e-08
302 9.55587e-06 8.18827e-07 4.4212e-08
303 9.38455e-06 8.0175e-07 4.26887e-08
304 9.2166e-06 7.85014e-07 4.12178e-08
305 9.05196e-06 7.68611e-07 3.97975e-08
306 8.89056e-06 7.52537e-07 3.84261e-08
307 8.73232e-06 7.36784e-07 3.7102e-08
308 8.57719e-06 7.21348e-07 3.58235e-08
309 8.42509e-06 7.06223e-07 3.45889e-08
310 8.27596e-06 6.91402e-07 3.33969e-08
311 8.12974e-06 6.7688e-07 3.2246e-08
312 7.98637e-06 6.62652e-07 3.11347e-08
313 7.84579e-06 6.48712e-07 3.00617e-08
314 7.70794e-06 6.35055e-07 2.90256e-08
315 7.57276e-06 6.21676e-07 2.80252e-08
316 7.4402e-06 6.08569e-07 2.70593e-08
317 7.31021e-06 5.95729e-07 2.61267e-08
318 7.18272e-06 5.83152e-07 2.52261e-08
319 7.05769e-06 5.70831e-07 2.43566e-08
320 6.93507e-06 5.58763e-07 2.35171e-08
321 6.8148e-06 5.46942e-07 2.27065e-08
322 6.69684e-06 5.35364e-07 2.19238e-08
323 6.58114e-06 5.24024e-07 2.11681e-08
324 6.46766e-06 5.12918e-07 2.04384e-08
325 6.35634e-06 5.0204e-07 1.97339e-08
326 6.24714e-06 4.91387e-07 1.90536e-08
327 6.14002e-06 4.80954e-07 1.83968e-08
328 6.03494e-06 4.70737e-07 1.77626e-08
329 5.93184e-06 4.60732e-07 1.71503e-08
330 5.83071e-06 4.50934e-07 1.65591e-08
331 5.73148e-06 4.41339e-07 1.59882e-08
332 5.63413e-06 4.31944e-07 1.5437e-08
333 5.53861e-06 4.22744e-07 1.49049e-08
334 5.44489e-06 4.13736e-07 1.4391e-08
335 5.35293e-06 4.04915e-07 1.38949e-08
336 5.2627e-06 3.96279e-07 1.34159e-08
337 5.17415e-06 3.87822e-07 1.29533e-08
338 5.08726e-06 3.79543e-07 1.25067e-08
339 5.00199e-06 3.71437e-07 1.20756e-08
340 4.91831e-06 3.635e-07 1.16592e-08
341 4.83619e-06 3.5573e-07 1.12573e-08
342 4.75559e-06 3.48123e-07 1.08691e-08
343 4.67648e-06 3.40676e-07 1.04944e-08
344 4.59884e-06 3.33385e-07 1.01326e-08
345 4.52263e-06 3.26247e-07 9.78321e-09
346 4.44782e-06 3.19259e-07 9.4459e-09
347 4.3744e-06 3.12419e-07 9.12022e-09
348 4.30232e-06 3.05723e-07 8.80576e-09
349 4.23156e-06 2.99168e-07 8.50215e-09
350 4.1621e-06 2.92751e-07 8.209e-09
351 4.09391e-06 2.8647e-07 7.92596e-09
352 4.02697e-06 2.80322e-07 7.65267e-09
353 3.96124e-06 2.74303e-07 7.38881e-09
354 3.89671e-06 2.68412e-07 7.13404e-09
355 3.83334e-06 2.62646e-07 6.88805e-09
356 3.77113e-06 2.57002e-07 6.65055e-09
357 3.71004e-06 2.51478e-07 6.42123e-09
358 3.65006e-06 2.4607e-07 6.19982e-09
359 3.59115e-06 2.40778e-07 5.98605e-09
360 3.53331e-06 2.35598e-07 5.77964e-09
361 3.4765e-06 2.30528e-07 5.58035e-09
362 3.42071e-06 2.25566e-07 5.38793e-09
363 3.36592e-06 2.20709e-07 5.20215e-09
364 3.3121e-06 2.15955e-07 5.02277e-09
365 3.25925e-06 2.11303e-07 4.84957e-09
366 3.20734e-06 2.0675e-07 4.68235e-09
367 3.15635e-06 2.02294e-07 4.52089e-09
368 3.10626e-06 1.97933e-07 4.365e-09
369 3.05706e-06 1.93665e-07 4.21448e-09
370 3.00872e-06 1.89489e-07 4.06916e-09
371 2.96124e-06 1.85401e-07 3.92884e-09
372 2.9146e-06 1.81401e-07 3.79336e-09
373 2.86877e-06 1.77486e-07 3.66256e-09
374 2.82375e-06 1.73655e-07 3.53626e-09
375 2.77951e-06 1.69905e-07 3.41432e-09
376 2.73605e-06 1.66236e-07 3.29658e-09
377 2.69334e-06 1.62646e-07 3.1829e-09
378 2.65138e-06 1.59132e-07 3.07315e-09
379 2.61015e-06 1.55694e-07 2.96717e-09
380 2.56963e-06 1.52329e-07 2.86486e-09
381 2.52981e-06 1.49037e-07 2.76606e-09
382 2.49068e-06 1.45815e-07 2.67068e-09
383 2.45223e-06 1.42662e-07 2.57858e-09
384 2.41443e-06 1.39577e-07 2.48966e-09
385 2.37729e-06 1.36558e-07 2.40381e-09
386 2.34078e-06 1.33604e-07 2.32092e-09
387 2.30489e-06 1.30713e-07 2.24088e-09
388 2.26962e-06 1.27885e-07 2.16361e-09
389 2.23495e-06 1.25117e-07 2.089e-09
390 2.20087e-06 1.22409e-07 2.01696e-09
391 2.16737e-06 1.19759e-07 1.94741e-09
392 2.13444e-06 1.17166e-07 1.88025e-09
393 2.10206e-06 1.14629e-07 1.81541e-09
394 2.07023e-06 1.12146e-07 1.75281e-09
395 2.03893e-06 1.09717e-07 1.69236e-09
396 2.00817e-06 1.0734e-07 1.634e-09
397 1.97791e-06 1.05014e-07 1.57765e-09
398 1.94817e-06 1.02739e-07 1.52325e-09
399 1.91892e-06 1.00512e-07 1.47072e-09
400 1.89016e-06 9.83338e-08 1.42e-09
401 1.86188e-06 9.62022e-08 1.37103e-09
402 1.83407e-06 9.41167e-08 1.32375e-09
403 1.80673e-06 9.20761e-08 1.2781e-09
404 1.77983e-06 9.00795e-08 1.23403e-09
405 1.75338e-06 8.8126e-08 1.19147e-09
406 1.72737e-06 8.62146e-08 1.15038e-09
407 1.70178e-06 8.43446e-08 1.11071e-09
408 1.67661e-06 8.25149e-08 1.07241e-09
409 1.65186e-06 8.07247e-08 1.03543e-09
410 1.62751e-06 7.89732e-08 9.9972e-10
411 1.60357e-06 7.72595e-08 9.65245e-10
412 1.58001e-06 7.55829e-08 9.31958e-10
413 1.55683e-06 7.39425e-08 8.99819e-10
414 1.53403e-06 7.23375e-08 8.68788e-10
415 1.51161e-06 7.07673e-08 8.38828e-10
416 1.48954e-06 6.9231e-08 8.099e-10
417 1.46783e-06 6.77279e-08 7.81971e-10
418 1.44647e-06 6.62573e-08 7.55004e-10
419 1.42546e-06 6.48186e-08 7.28967e-10
420 1.40478e-06 6.3411e-08 7.03828e-10
421 1.38444e-06 6.20338e-08 6.79556e-10
422 1.36442e-06 6.06865e-08 6.56122e-10
423 1.34472e-06 5.93683e-08 6.33495e-10
424 1.32533e-06 5.80786e-08 6.11648e-10
425 1.30626e-06 5.68169e-08 5.90555e-10
426 1.28748e-06 5.55825e-08 5.7019e-10
427 1.26901e-06 5.43749e-08 5.50526e-10
428 1.25082e-06 5.31934e-08 5.31541e-10
429 1.23293e-06 5.20375e-08 5.1321e-10
430 1.21532e-06 5.09066e-08 4.95512e-10
431 1.19798e-06 4.98003e-08 4.78424e-10
432 1.18092e-06 4.87179e-08 4.61925e-10
433 1.16412e-06 4.7659e-08 4.45995e-10
434 1.14759e-06 4.6623e-08 4.30614e-10
435 1.13131e-06 4.56095e-08 4.15764e-10
436 1.11529e-06 4.4618e-08 4.01426e-10
437 1.09952e-06 4.3648e-08 3.87583e-10
438 1.08399e-06 4.2699e-08 3.74217e-10
439 1.06871e-06 4.17706e-08 3.61311e-10
440 1.05366e-06 4.08623e-08 3.48851e-10
441 1.03884e-06 3.99738e-08 3.36821e-10
442 1.02426e-06 3.91045e-08 3.25205e-10
443 1.00989e-06 3.82541e-08 3.1399e-10
444 9.95753e-07 3.74221e-08 3.03162e-10
445 9.81828e-07 3.66082e-08 2.92707e-10
446 9.68117e-07 3.5812e-08 2.82613e-10
447 9.54616e-07 3.5033e-08 2.72867e-10
448 9.4132e-07 3.4271e-08 2.63457e-10
449 9.28228e-07 3.35255e-08 2.54371e-10
450 9.15334e-07 3.27961e-08 2.45599e-10
451 9.02637e-07 3.20827e-08 2.37129e-10
452 8.90132e-07 3.13847e-08 2.28951e-10
453 8.77816e-07 3.07018e-08 2.21056e-10
454 8.65686e-07 3.00338e-08 2.13432e-10
455 8.5374e-07 2.93803e-08 2.06072e-10
456 8.41973e-07 2.8741e-08 1.98965e-10
457 8.30383e-07 2.81156e-08 1.92104e-10
458 8.18967e-07 2.75038e-08 1.85479e-10
459 8.07722e-07 2.69053e-08 1.79082e-10
460 7.96645e-07 2.63197e-08 1.72907e-10
461 7.85734e-07 2.57469e-08 1.66944e-10
462 7.74985e-07 2.51866e-08 1.61186e-10
463 7.64396e-07 2.46384e-08 1.55628e-10
464 7.53965e-07 2.41021e-08 1.50261e-10
465 7.43688e-07 2.35775e-08 1.45079e-10
466 7.33563e-07 2.30643e-08 1.40076e-10
467 7.23588e-07 2.25623e-08 1.35245e-10
468 7.1376e-07 2.20711e-08 1.30581e-10
469 7.04077e-07 2.15907e-08 1.26078e-10
470 6.94537e-07 2.11207e-08 1.2173e-10
471 6.85136e-07 2.06609e-08 1.17532e-10
472 6.75874e-07 2.02111e-08 1.13479e-10
473 6.66747e-07 1.97711e-08 1.09565e-10
474 6.57753e-07 1.93406e-08 1.05787e-10
475 6.4889e-07 1.89195e-08 1.02138e-10
476 6.40157e-07 1.85076e-08 9.8616e-11
477 6.31551e-07 1.81046e-08 9.52151e-11
478 6.2307e-07 1.77104e-08 9.19315e-11
479 6.14711e-07 1.73248e-08 8.87612e-11
480 6.06474e-07 1.69476e-08 8.57001e-11
481 5.98356e-07 1.65785e-08 8.27446e-11
482 5.90354e-07 1.62175e-08 7.98911e-11
483 5.82469e-07 1.58644e-08 7.7136e-11
484 5.74696e-07 1.55189e-08 7.44758e-11
485 5.67036e-07 1.51809e-08 7.19074e-11
486 5.59485e-07 1.48503e-08 6.94276e-11
487 5.52042e-07 1.45269e-08 6.70333e-11
488 5.44706e-07 1.42105e-08 6.47216e-11
489 5.37475e-07 1.39011e-08 6.24896e-11
490 5.30346e-07 1.35983e-08 6.03346e-11
491 5.2332e-07 1.33021e-08 5.82538e-11
492 5.16393e-07 1.30124e-08 5.62449e-11
493 5.09564e-07 1.2729e-08 5.43052e-11
494 5.02832e-07 1.24518e-08 5.24324e-11
495 4.96196e-07 1.21805e-08 5.06242e-11
496 4.89653e-07 1.19152e-08 4.88784e-11
497 4.83203e-07 1.16557e-08 4.71927e-11
498 4.76844e-07 1.14018e-08 4.55653e-11
499 4.70574e-07 1.11534e-08 4.39939e-11
500 4.64392e-07 1.09105e-08 4.24767e-11
501 4.58297e-07 1.06728e-08 4.10118e-11
502 4.52288e-07 1.04403e-08 3.95975e-11
503 4.46362e-07 1.02129e-08 3.82319e-11
504 4.4052e-07 9.99043e-09 3.69134e-11
505 4.34759e-07 9.77279e-09 3.56404e-11
506 4.29078e-07 9.55989e-09 3.44113e-11
507 4.23476e-07 9.35163e-09 3.32246e-11
508 4.17953e-07 9.1479e-09 3.20788e-11
509 4.12506e-07 8.94861e-09 3.09726e-11
510 4.07134e-07 8.75366e-09 2.99044e-11
511 4.01837e-07 8.56295e-09 2.88731e-11
512 3.96613e-07 8.3764e-09 2.78773e-11
513 3.91462e-07 8.1939e-09 2.69161e-11
514 3.86381e-07 8.01538e-09 2.59878e-11
515 3.81371e-07 7.84075e-09 2.50916e-11
516 3.76429e-07 7.66992e-09 2.42262e-11
517 3.71555e-07 7.50281e-09 2.33907e-11
518 3.66748e-07 7.33934e-09 2.25841e-11
519 3.62007e-07 7.17943e-09 2.18053e-11
520 3.57332e-07 7.02301e-09 2.10532e-11
521 3.52719e-07 6.86999e-09 2.03272e-11
522 3.4817e-07 6.7203e-09 1.96262e-11
523 3.43683e-07 6.57387e-09 1.89494e-11
524 3.39258e-07 6.43063e-09 1.82959e-11
525 3.34892e-07 6.29051e-09 1.76649e-11
526 3.30586e-07 6.15345e-09 1.70557e-11
527 3.26338e-07 6.01936e-09 1.64676e-11
528 3.22148e-07 5.8882e-09 1.58996e-11
529 3.18014e-07 5.7599e-09 1.53513e-11
530 3.13937e-07 5.63439e-09 1.48219e-11
531 3.09914e-07 5.51161e-09 1.43108e-11
532 3.05946e-07 5.39151e-09 1.38172e-11
533 3.02032e-07 5.27403e-09 1.33407e-11
534 2.9817e-07 5.1591e-09 1.28807e-11
535 2.9436e-07 5.04668e-09 1.24364e-11
536 2.90601e-07 4.93671e-09 1.20076e-11
537 2.86893e-07 4.82913e-09 1.15935e-11
538 2.83235e-07 4.7239e-09 1.11937e-11
539 2.79625e-07 4.62095e-09 1.08076e-11
540 2.76064e-07 4.52025e-09 1.04349e-11
541 2.72551e-07 4.42175e-09 1.00751e-11
542 2.69084e-07 4.32539e-09 9.72755e-12
543 2.65664e-07 4.23113e-09 9.39211e-12
544 2.62289e-07 4.13892e-09 9.0682e-12
545 2.58959e-07 4.04873e-09 8.75558e-12
546 2.55673e-07 3.96049e-09 8.45353e-12
547 2.52431e-07 3.87418e-09 8.16197e-12
548 2.49232e-07 3.78975e-09 7.88053e-12
549 2.46076e-07 3.70716e-09 7.60875e-12
550 2.42961e-07 3.62637e-09 7.34637e-12
551 2.39888e-07 3.54734e-09 7.09303e-12
552 2.36855e-07 3.47003e-09 6.84844e-12
553 2.33862e-07 3.39441e-09 6.61221e-12
554 2.30909e-07 3.32043e-09 6.38418e-12
555 2.27995e-07 3.24807e-09 6.16399e-12
556 2.25119e-07 3.17728e-09 5.95145e-12
557 2.22281e-07 3.10804e-09 5.74624e-12
558 2.1948e-07 3.0403e-09 5.54806e-12
559 2.16716e-07 2.97404e-09 5.35672e-12
560 2.13988e-07 2.90922e-09 5.17195e-12
561 2.11296e-07 2.84582e-09 4.99363e-12
562 2.08639e-07 2.7838e-09 4.82139e-12
563 2.06017e-07 2.72312e-09 4.65507e-12
564 2.03429e-07 2.66377e-09 4.49457e-12
565 2.0099e-07 2.60572e-09 4.33961e-12
566 1.98729e-07 2.54893e-09 4.18994e-12
567 1.96491e-07 2.49337e-09 4.04543e-12
568 1.94277e-07 2.43903e-09 3.90596e-12
569 1.92086e-07 2.38587e-09 3.77123e-12
570 1.89918e-07 2.33387e-09 3.64117e-12
571 1.87772e-07 2.28301e-09 3.5156e-12
572 1.8565e-07 2.23325e-09 3.39433e-12
573 1.8355e-07 2.18457e-09 3.2773e-12
574 1.81472e-07 2.13696e-09 3.1643e-12
575 1.79417e-07 2.09038e-09 3.05514e-12
576 1.77383e-07 2.04482e-09 2.94981e-12
577 1.75371e-07 2.00025e-09 2.84806e-12
578 1.73381e-07 1.95666e-09 2.7498e-12
579 1.71412e-07 1.91401e-09 2.65504e-12
580 1.69463e-07 1.87229e-09 2.56345e-12
581 1.67536e-07 1.83148e-09 2.47506e-12
582 1.6563e-07 1.79157e-09 2.38967e-12
583 1.63744e-07 1.75252e-09 2.30732e-12
584 1.61878e-07 1.71432e-09 2.22768e-12
585 1.60032e-07 1.67695e-09 2.1509e-12
586 1.58207e-07 1.6404e-09 2.07667e-12
587 1.56401e-07 1.60465e-09 2.0051e-12
588 1.54615e-07 1.56967e-09 1.93595e-12
589 1.52848e-07 1.53546e-09 1.86917e-12
590 1.511e-07 1.50199e-09 1.80468e-12
591 1.49371e-07 1.46925e-09 1.74252e-12
592 1.47662e-07 1.43723e-09 1.68236e-12
593 1.4597e-07 1.4059e-09 1.62441e-12
594 1.44298e-07 1.37526e-09 1.56833e-12
595 1.42643e-07 1.34528e-09 1.51429e-12
596 1.41007e-07 1.31596e-09 1.46204e-12
597 1.39388e-07 1.28728e-09 1.41166e-12
598 1.37788e-07 1.25922e-09 1.36291e-12
599 1.36204e-07 1.23177e-09 1.31595e-12
600 1.34639e-07 1.20492e-09 1.27057e-12
601 1.3309e-07 1.17866e-09 1.22677e-12
602 1.31559e-07 1.15297e-09 1.18443e-12
603 1.30044e-07 1.12784e-09 1.14359e-12
604 1.28546e-07 1.10325e-09 1.10416e-12
605 1.27065e-07 1.07921e-09 1.06602e-12
606 1.256e-07 1.05568e-09 1.02926e-12
607 1.24152e-07 1.03267e-09 9.9383e-13
608 1.22719e-07 1.01016e-09 9.59566e-13
609 1.21302e-07 9.88144e-10 9.26426e-13
610 1.19901e-07 9.66605e-10 8.94534e-13
611 1.18516e-07 9.45536e-10 8.63684e-13
612 1.17146e-07 9.24926e-10 8.33875e-13
613 1.15791e-07 9.04765e-10 8.05064e-13
614 1.14452e-07 8.85043e-10 7.77295e-13
615 1.13127e-07 8.65752e-10 7.50566e-13
616 1.11817e-07 8.46881e-10 7.24629e-13
617 1.10522e-07 8.28421e-10 6.99649e-13
618 1.09242e-07 8.10363e-10 6.75543e-13
619 1.07975e-07 7.92699e-10 6.52187e-13
620 1.06723e-07 7.7542e-10 6.29746e-13
621 1.05485e-07 7.58518e-10 6.08055e-13
622 1.04261e-07 7.41984e-10 5.87114e-13
623 1.0305e-07 7.25811e-10 5.66797e-13
624 1.01853e-07 7.0999e-10 5.47271e-13
625 1.0067e-07 6.94514e-10 5.28369e-13
626 9.95e-08 6.79375e-10 5.10175e-13
