1 0.657417 0.725711 0.779117
2 0.183854 0.156052 0.333701
3 0.0904953 0.072261 0.18026
4 0.0637786 0.0435399 0.0828893
5 0.0477907 0.0358337 0.0449655
6 0.0379941 0.0281718 0.0227099
7 0.0327326 0.0231716 0.0188489
8 0.0283947 0.0200819 0.0162672
9 0.0248197 0.0174842 0.0136659
10 0.021857 0.0153414 0.0119307
11 0.0193825 0.0135439 0.0104618
12 0.0174852 0.0121018 0.00916179
13 0.0160729 0.0109815 0.00820043
14 0.014805 0.00999068 0.0073511
15 0.0136667 0.0091125 0.00660144
16 0.0126436 0.00833225 0.00595136
17 0.0117225 0.00763695 0.0053911
18 0.0108914 0.00705567 0.00491552
19 0.0101397 0.00655472 0.00448887
20 0.00951747 0.00609664 0.00410403
21 0.00899243 0.00567735 0.00375739
22 0.00850332 0.00529312 0.00344427
23 0.0080476 0.00494057 0.00317604
24 0.00762285 0.00461665 0.00293137
25 0.00722671 0.00433511 0.00270723
26 0.006857 0.00408211 0.00250162
27 0.00651167 0.00384628 0.00231283
28 0.00618883 0.00362635 0.00213915
29 0.00588674 0.00342112 0.00197929
30 0.00562432 0.00322948 0.00183213
31 0.0053901 0.00305041 0.00169949
32 0.00516763 0.00288294 0.00157628
33 0.00495631 0.00273108 0.00146186
34 0.00475553 0.00259328 0.00135549
35 0.00456473 0.00246321 0.00125665
36 0.00438334 0.00234039 0.00116474
37 0.00421084 0.00222436 0.00107928
38 0.00404674 0.00211469 0.000999793
39 0.00389056 0.002011 0.000925869
40 0.00374186 0.00191289 0.000857105
41 0.00360022 0.00182003 0.000793144
42 0.00347245 0.0017321 0.000733983
43 0.00335553 0.00164878 0.000691838
44 0.00324321 0.00157258 0.000652304
45 0.00313531 0.00150035 0.000615205
46 0.00303163 0.00143153 0.000580378
47 0.00293201 0.00136594 0.000547673
48 0.00283625 0.00130342 0.000516952
49 0.0027442 0.0012438 0.000488084
50 0.0026557 0.00118696 0.00046095
51 0.00257058 0.00113274 0.000435438
52 0.00248871 0.00108101 0.000411446
53 0.00240994 0.00103166 0.000388875
54 0.00233413 0.00098457 0.000367637
55 0.00226116 0.000939625 0.000347647
56 0.00219277 0.000896723 0.000328828
57 0.00212994 0.000855767 0.000311106
58 0.00206913 0.000816663 0.000294414
59 0.00201029 0.000779324 0.000278688
60 0.00195333 0.000743667 0.000263869
61 0.00189819 0.000709613 0.000249901
62 0.0018448 0.000677087 0.000236732
63 0.00179311 0.000646019 0.000224313
64 0.00174306 0.00061634 0.0002126
65 0.00169458 0.000587988 0.000201549
66 0.00164762 0.000560901 0.000191121
67 0.00160212 0.000535022 0.000181278
68 0.00155804 0.000513213 0.000171986
69 0.00151531 0.000493355 0.000163211
70 0.00147391 0.000474315 0.000154923
71 0.00143376 0.000456056 0.000147094
72 0.00139484 0.000438589 0.000139695
73 0.0013571 0.000421945 0.000132702
74 0.00132196 0.000405964 0.000126091
75 0.00128814 0.000390619 0.000119839
76 0.00125523 0.000375885 0.000113926
77 0.00122321 0.000361735 0.000108332
78 0.00119205 0.000348145 0.000103038
79 0.00116172 0.000335093 9.80287e-05
80 0.00113221 0.000322556 9.32979e-05
81 0.00110348 0.000310514 8.88172e-05
82 0.00107552 0.000298945 8.45726e-05
83 0.0010483 0.00028783 8.05505e-05
84 0.0010218 0.000277152 7.67383e-05
85 0.000995996 0.000266891 7.31243e-05
86 0.000970874 0.000257032 6.96974e-05
87 0.000946413 0.000247557 6.64469e-05
88 0.000922592 0.000238451 6.33631e-05
89 0.000899394 0.0002297 6.04368e-05
90 0.0008768 0.000221288 5.76591e-05
91 0.000854794 0.000213203 5.5022e-05
92 0.000833359 0.00020543 5.25175e-05
93 0.000812478 0.000197958 5.01386e-05
94 0.000792137 0.000190774 4.78783e-05
95 0.000772319 0.000183867 4.57302e-05
96 0.000753011 0.000177225 4.36882e-05
97 0.000734198 0.000170838 4.17465e-05
98 0.000715867 0.000164696 3.98999e-05
99 0.000698004 0.000158789 3.81432e-05
100 0.000680595 0.000153108 3.64716e-05
101 0.00066363 0.000147643 3.48806e-05
102 0.000647096 0.000142386 3.33659e-05
103 0.00063098 0.000137329 3.19236e-05
104 0.000615332 0.000132464 3.05498e-05
105 0.000600303 0.000127782 2.92409e-05
106 0.000585636 0.000123278 2.79937e-05
107 0.000571321 0.000118944 2.68048e-05
108 0.000557352 0.000114773 2.56714e-05
109 0.000543718 0.000110758 2.45905e-05
110 0.000530412 0.000106895 2.35595e-05
111 0.000517427 0.000103175 2.25758e-05
112 0.000504754 9.95953e-05 2.16371e-05
113 0.000492386 9.61487e-05 2.07411e-05
114 0.000480315 9.28304e-05 1.98856e-05
115 0.000468535 8.96353e-05 1.90687e-05
116 0.000457039 8.65588e-05 1.82884e-05
117 0.000445818 8.35961e-05 1.75429e-05
118 0.000434868 8.07428e-05 1.68305e-05
119 0.000424181 7.79946e-05 1.61496e-05
120 0.000413752 7.53475e-05 1.54987e-05
121 0.000403573 7.27976e-05 1.48762e-05
122 0.000393639 7.03411e-05 1.42809e-05
123 0.000383945 6.79743e-05 1.37114e-05
124 0.000374483 6.56938e-05 1.31666e-05
125 0.000365753 6.34963e-05 1.26451e-05
126 0.000357613 6.13786e-05 1.2146e-05
127 0.00034966 5.93376e-05 1.16682e-05
128 0.00034189 5.73703e-05 1.12106e-05
129 0.000334299 5.5474e-05 1.07724e-05
130 0.000326881 5.36459e-05 1.03526e-05
131 0.000319634 5.18834e-05 9.95038e-06
132 0.000312554 5.01841e-05 9.56496e-06
133 0.000305635 4.85454e-05 9.19555e-06
134 0.000298875 4.69651e-05 8.84144e-06
135 0.000292269 4.5441e-05 8.50191e-06
136 0.000285814 4.3971e-05 8.17633e-06
137 0.000279507 4.25529e-05 7.87309e-06
138 0.000273343 4.11849e-05 7.65494e-06
139 0.000267321 3.98651e-05 7.44087e-06
140 0.000261435 3.85916e-05 7.23097e-06
141 0.000255683 3.73627e-05 7.0253e-06
142 0.000250063 3.61767e-05 6.82391e-06
143 0.00024457 3.5032e-05 6.62683e-06
144 0.000239202 3.39271e-05 6.43408e-06
145 0.000233956 3.28604e-05 6.24567e-06
146 0.000228829 3.18307e-05 6.0616e-06
147 0.000223818 3.08364e-05 5.88186e-06
148 0.000218921 2.98763e-05 5.70643e-06
149 0.000214135 2.89491e-05 5.53529e-06
150 0.000209457 2.80536e-05 5.36839e-06
151 0.000204885 2.71887e-05 5.20571e-06
152 0.000200417 2.63531e-05 5.04718e-06
153 0.000196049 2.55458e-05 4.89278e-06
154 0.00019178 2.47659e-05 4.74243e-06
155 0.000187608 2.40122e-05 4.59608e-06
156 0.000183529 2.32838e-05 4.45367e-06
157 0.000179543 2.25799e-05 4.31513e-06
158 0.000175646 2.18994e-05 4.1804e-06
159 0.000171837 2.12417e-05 4.04941e-06
160 0.000168113 2.06057e-05 3.92209e-06
161 0.000164474 1.99909e-05 3.79836e-06
162 0.000160916 1.93963e-05 3.67816e-06
163 0.000157438 1.88213e-05 3.56141e-06
164 0.000154038 1.82651e-05 3.44804e-06
165 0.000150714 1.77272e-05 3.33796e-06
166 0.000147465 1.72068e-05 3.23112e-06
167 0.000144289 1.67033e-05 3.12742e-06
168 0.000141183 1.62161e-05 3.0268e-06
169 0.000138147 1.57447e-05 2.92919e-06
170 0.00013518 1.52885e-05 2.83451e-06
171 0.000132278 1.48469e-05 2.74268e-06
172 0.000129441 1.44194e-05 2.65364e-06
173 0.000126668 1.40056e-05 2.56731e-06
174 0.000123956 1.36049e-05 2.48362e-06
175 0.000121305 1.32169e-05 2.40251e-06
176 0.000118713 1.28412e-05 2.32391e-06
177 0.000116179 1.24773e-05 2.24774e-06
178 0.000113701 1.21249e-05 2.17394e-06
179 0.000111278 1.17835e-05 2.10244e-06
180 0.000108909 1.14527e-05 2.03319e-06
181 0.000106593 1.11322e-05 1.96612e-06
182 0.000104328 1.08217e-05 1.90116e-06
183 0.000102113 1.05207e-05 1.83826e-06
184 9.99472e-05 1.0229e-05 1.77736e-06
185 9.78296e-05 9.9463e-06 1.7184e-06
186 9.57588e-05 9.67221e-06 1.66132e-06
187 9.37339e-05 9.40648e-06 1.60607e-06
188 9.17538e-05 9.14882e-06 1.55259e-06
189 8.98174e-05 8.89897e-06 1.50083e-06
190 8.79237e-05 8.65667e-06 1.45075e-06
191 8.60719e-05 8.42165e-06 1.40228e-06
192 8.42609e-05 8.19369e-06 1.35538e-06
193 8.24898e-05 7.97254e-06 1.31001e-06
194 8.07578e-05 7.75798e-06 1.26611e-06
195 7.90638e-05 7.5498e-06 1.22365e-06
196 7.74072e-05 7.34778e-06 1.18257e-06
197 7.57869e-05 7.15172e-06 1.14283e-06
198 7.42022e-05 6.96142e-06 1.1044e-06
199 7.26524e-05 6.77671e-06 1.06723e-06
200 7.11365e-05 6.59739e-06 1.03129e-06
201 6.96538e-05 6.4233e-06 9.96526e-07
202 6.82037e-05 6.25426e-06 9.62912e-07
203 6.67853e-05 6.09011e-06 9.30407e-07
204 6.53979e-05 5.9307e-06 8.98979e-07
205 6.40408e-05 5.77588e-06 8.68592e-07
206 6.27134e-05 5.62549e-06 8.39213e-07
207 6.1415e-05 5.47939e-06 8.10811e-07
208 6.01449e-05 5.33746e-06 7.83353e-07
209 5.89025e-05 5.19956e-06 7.56809e-07
210 5.76871e-05 5.06556e-06 7.31151e-07
211 5.64982e-05 4.93534e-06 7.06349e-07
212 5.53351e-05 4.80878e-06 6.82376e-07
213 5.41974e-05 4.68577e-06 6.59204e-07
214 5.30843e-05 4.5662e-06 6.36809e-07
215 5.19954e-05 4.44996e-06 6.15164e-07
216 5.09301e-05 4.33695e-06 5.94245e-07
217 4.98879e-05 4.22707e-06 5.74028e-07
218 4.88683e-05 4.12022e-06 5.54491e-07
219 4.78707e-05 4.01631e-06 5.35611e-07
220 4.68946e-05 3.91525e-06 5.17366e-07
221 4.59397e-05 3.81696e-06 4.99736e-07
222 4.50054e-05 3.72135e-06 4.82701e-07
223 4.40912e-05 3.62834e-06 4.6624e-07
224 4.31967e-05 3.53785e-06 4.50334e-07
225 4.23215e-05 3.44981e-06 4.34966e-07
226 4.14651e-05 3.36414e-06 4.20118e-07
227 4.06271e-05 3.28078e-06 4.05772e-07
228 3.98071e-05 3.19965e-06 3.91911e-07
229 3.90047e-05 3.12069e-06 3.7852e-07
230 3.82195e-05 3.04383e-06 3.65583e-07
231 3.74511e-05 2.96901e-06 3.53084e-07
232 3.66992e-05 2.89618e-06 3.4101e-07
233 3.59633e-05 2.82528e-06 3.29345e-07
234 3.52432e-05 2.75624e-06 3.18076e-07
235 3.45384e-05 2.68901e-06 3.0719e-07
236 3.38487e-05 2.62355e-06 2.96674e-07
237 3.31737e-05 2.55981e-06 2.86516e-07
238 3.2513e-05 2.49772e-06 2.76704e-07
239 3.18664e-05 2.43725e-06 2.67225e-07
240 3.12335e-05 2.37834e-06 2.58069e-07
241 3.06141e-05 2.32097e-06 2.49225e-07
242 3.00078e-05 2.26507e-06 2.40683e-07
243 2.94143e-05 2.21061e-06 2.32432e-07
244 2.88334e-05 2.15755e-06 2.24462e-07
245 2.82648e-05 2.10585e-06 2.16764e-07
246 2.77082e-05 2.05547e-06 2.09328e-07
247 2.71634e-05 2.00638e-06 2.02147e-07
248 2.663e-05 1.95853e-06 1.95211e-07
249 2.61079e-05 1.9119e-06 1.88512e-07
250 2.55968e-05 1.86644e-06 1.82041e-07
251 2.50964e-05 1.82214e-06 1.75792e-07
252 2.46066e-05 1.77895e-06 1.69757e-07
253 2.4127e-05 1.73685e-06 1.63927e-07
254 2.36574e-05 1.6958e-06 1.58298e-07
255 2.31977e-05 1.65579e-06 1.52861e-07
256 2.27476e-05 1.61677e-06 1.4761e-07
257 2.2307e-05 1.57872e-06 1.42538e-07
258 2.18755e-05 1.54561e-06 1.37641e-07
259 2.1453e-05 1.51578e-06 1.32911e-07
260 2.10393e-05 1.48643e-06 1.28343e-07
261 2.06342e-05 1.45757e-06 1.23932e-07
262 2.02375e-05 1.42919e-06 1.19672e-07
263 1.98491e-05 1.40129e-06 1.15558e-07
264 1.94688e-05 1.37386e-06 1.11585e-07
265 1.90963e-05 1.3469e-06 1.07748e-07
266 1.87315e-05 1.3204e-06 1.04042e-07
267 1.83742e-05 1.29436e-06 1.00464e-07
268 1.80244e-05 1.26878e-06 9.70089e-08
269 1.76817e-05 1.24364e-06 9.36721e-08
270 1.73461e-05 1.21895e-06 9.04498e-08
271 1.70174e-05 1.19469e-06 8.73381e-08
272 1.66955e-05 1.17087e-06 8.43332e-08
273 1.63802e-05 1.14747e-06 8.14315e-08
274 1.60713e-05 1.1245e-06 7.86295e-08
275 1.57688e-05 1.10194e-06 7.59237e-08
276 1.54724e-05 1.07979e-06 7.33108e-08
277 1.51821e-05 1.05805e-06 7.07876e-08
278 1.48977e-05 1.0367e-06 6.83512e-08
279 1.46192e-05 1.01575e-06 6.59985e-08
280 1.43463e-05 9.95188e-07 6.37266e-08
281 1.40789e-05 9.75008e-07 6.15328e-08
282 1.3817e-05 9.55205e-07 5.94144e-08
283 1.35603e-05 9.35773e-07 5.73688e-08
284 1.33089e-05 9.16707e-07 5.53936e-08
285 1.30626e-05 8.98001e-07 5.34862e-08
286 1.28212e-05 8.7965e-07 5.16445e-08
287 1.25847e-05 8.61648e-07 4.98661e-08
288 1.2353e-05 8.4399e-07 4.81488e-08
289 1.21259e-05 8.26669e-07 4.64906e-08
290 1.19034e-05 8.09682e-07 4.48895e-08
291 1.16854e-05 7.93022e-07 4.33434e-08
292 1.14717e-05 7.76683e-07 4.18505e-08
293 1.12623e-05 7.60662e-07 4.0409e-08
294 1.10571e-05 7.44952e-07 3.90171e-08
295 1.0856e-05 7.29548e-07 3.76731e-08
296 1.06589e-05 7.14445e-07 3.63753e-08
297 1.04658e-05 6.99638e-07 3.51222e-08
298 1.02764e-05 6.85122e-07 3.39122e-08
299 1.00908e-05 6.70892e-07 3.27439e-08
300 9.90894e-06 6.56942e-07 3.16158e-08
301 9.73065e-06 6.43269e-07 3.05265e-08
302 9.55587e-06 6.29867e-07 2.94747e-08
303 9.38455e-06 6.16731e-07 2.84591e-08
304 9.2166e-06 6.03857e-07 2.74785e-08
305 9.05196e-06 5.91239e-07 2.65317e-08
306 8.89056e-06 5.78874e-07 2.56174e-08
307 8.73232e-06 5.66757e-07 2.47347e-08
308 8.57719e-06 5.54883e-07 2.38823e-08
309 8.42509e-06 5.43248e-07 2.30593e-08
310 8.27596e-06 5.31847e-07 2.22646e-08
311 8.12974e-06 5.20677e-07 2.14973e-08
312 7.98637e-06 5.09732e-07 2.07565e-08
313 7.84579e-06 4.9901e-07 2.00411e-08
314 7.70794e-06 4.88504e-07 1.93504e-08
315 7.57276e-06 4.78212e-07 1.86835e-08
316 7.4402e-06 4.6813e-07 1.80395e-08
317 7.31021e-06 4.58253e-07 1.74178e-08
318 7.18272e-06 4.48578e-07 1.68174e-08
319 7.05769e-06 4.39101e-07 1.62378e-08
320 6.93507e-06 4.29818e-07 1.56781e-08
321 6.8148e-06 4.20725e-07 1.51377e-08
322 6.69684e-06 4.11819e-07 1.46159e-08
323 6.58114e-06 4.03096e-07 1.41121e-08
324 6.46766e-06 3.94552e-07 1.36256e-08
325 6.35634e-06 3.86185e-07 1.31559e-08
326 6.24714e-06 3.7799e-07 1.27024e-08
327 6.14002e-06 3.69965e-07 1.22645e-08
328 6.03494e-06 3.62106e-07 1.18418e-08
329 5.93184e-06 3.54409e-07 1.14335e-08
330 5.83071e-06 3.46872e-07 1.10394e-08
331 5.73148e-06 3.39492e-07 1.06588e-08
332 5.63413e-06 3.32264e-07 1.02914e-08
333 5.53861e-06 3.25188e-07 9.93657e-09
334 5.44489e-06 3.18258e-07 9.59401e-09
335 5.35293e-06 3.11473e-07 9.26326e-09
336 5.2627e-06 3.0483e-07 8.9439e-09
337 5.17415e-06 2.98325e-07 8.63555e-09
338 5.08726e-06 2.91956e-07 8.33783e-09
339 5.00199e-06 2.85721e-07 8.05037e-09
340 4.91831e-06 2.79616e-07 7.77282e-09
341 4.83619e-06 2.73639e-07 7.50484e-09
342 4.75559e-06 2.67787e-07 7.24609e-09
343 4.67648e-06 2.62058e-07 6.99626e-09
344 4.59884e-06 2.5645e-07 6.75504e-09
345 4.52263e-06 2.50959e-07 6.52214e-09
346 4.44782e-06 2.45584e-07 6.29727e-09
347 4.3744e-06 2.40322e-07 6.08015e-09
348 4.30232e-06 2.35171e-07 5.87051e-09
349 4.23156e-06 2.30129e-07 5.6681e-09
350 4.1621e-06 2.25193e-07 5.47267e-09
351 4.09391e-06 2.20362e-07 5.28397e-09
352 4.02697e-06 2.15632e-07 5.10178e-09
353 3.96124e-06 2.11003e-07 4.92587e-09
354 3.89671e-06 2.06471e-07 4.75603e-09
355 3.83334e-06 2.02036e-07 4.59204e-09
356 3.77113e-06 1.97694e-07 4.4337e-09
357 3.71004e-06 1.93444e-07 4.28082e-09
358 3.65006e-06 1.89285e-07 4.13322e-09
359 3.59115e-06 1.85214e-07 3.9907e-09
360 3.53331e-06 1.81229e-07 3.85309e-09
361 3.4765e-06 1.77329e-07 3.72023e-09
362 3.42071e-06 1.73512e-07 3.59195e-09
363 3.36592e-06 1.69776e-07 3.4681e-09
364 3.3121e-06 1.6612e-07 3.34851e-09
365 3.25925e-06 1.62541e-07 3.23305e-09
366 3.20734e-06 1.59039e-07 3.12157e-09
367 3.15635e-06 1.55611e-07 3.01393e-09
368 3.10626e-06 1.52256e-07 2.91e-09
369 3.05706e-06 1.48973e-07 2.80966e-09
370 3.00872e-06 1.4576e-07 2.71277e-09
371 2.96124e-06 1.42616e-07 2.61923e-09
372 2.9146e-06 1.39539e-07 2.52891e-09
373 2.86877e-06 1.36527e-07 2.4417e-09
374 2.82375e-06 1.3358e-07 2.35751e-09
375 2.77951e-06 1.30696e-07 2.27621e-09
376 2.73605e-06 1.27874e-07 2.19772e-09
377 2.69334e-06 1.25112e-07 2.12194e-09
378 2.65138e-06 1.22409e-07 2.04876e-09
379 2.61015e-06 1.19765e-07 1.97812e-09
380 2.56963e-06 1.17176e-07 1.9099e-09
381 2.52981e-06 1.14644e-07 1.84404e-09
382 2.49068e-06 1.12165e-07 1.78045e-09
383 2.45223e-06 1.0974e-07 1.71906e-09
384 2.41443e-06 1.07367e-07 1.65978e-09
385 2.37729e-06 1.05045e-07 1.60254e-09
386 2.34078e-06 1.02772e-07 1.54728e-09
387 2.30489e-06 1.00549e-07 1.49392e-09
388 2.26962e-06 9.8373e-08 1.44241e-09
389 2.23495e-06 9.62439e-08 1.39266e-09
390 2.20087e-06 9.41607e-08 1.34464e-09
391 2.16737e-06 9.21222e-08 1.29827e-09
392 2.13444e-06 9.01276e-08 1.2535e-09
393 2.10206e-06 8.81759e-08 1.21027e-09
394 2.07023e-06 8.62662e-08 1.16854e-09
395 2.03893e-06 8.43976e-08 1.12824e-09
396 2.00817e-06 8.25693e-08 1.08933e-09
397 1.97791e-06 8.07803e-08 1.05177e-09
398 1.94817e-06 7.90299e-08 1.0155e-09
399 1.91892e-06 7.73172e-08 9.8048e-10
400 1.89016e-06 7.56414e-08 9.46668e-10
401 1.86188e-06 7.40017e-08 9.14022e-10
402 1.83407e-06 7.23974e-08 8.82502e-10
403 1.80673e-06 7.08277e-08 8.52069e-10
404 1.77983e-06 6.92919e-08 8.22685e-10
405 1.75338e-06 6.77892e-08 7.94315e-10
406 1.72737e-06 6.6319e-08 7.66923e-10
407 1.70178e-06 6.48804e-08 7.40475e-10
408 1.67661e-06 6.3473e-08 7.1494e-10
409 1.65186e-06 6.20959e-08 6.90285e-10
410 1.62751e-06 6.07486e-08 6.6648e-10
411 1.60357e-06 5.94304e-08 6.43497e-10
412 1.58001e-06 5.81407e-08 6.21305e-10
413 1.55683e-06 5.68788e-08 5.99879e-10
414 1.53403e-06 5.56442e-08 5.79192e-10
415 1.51161e-06 5.44364e-08 5.59219e-10
416 1.48954e-06 5.32546e-08 5.39934e-10
417 1.46783e-06 5.20984e-08 5.21314e-10
418 1.44647e-06 5.09672e-08 5.03336e-10
419 1.42546e-06 4.98605e-08 4.85978e-10
420 1.40478e-06 4.87777e-08 4.69219e-10
421 1.38444e-06 4.77183e-08 4.53038e-10
422 1.36442e-06 4.66819e-08 4.37414e-10
423 1.34472e-06 4.56679e-08 4.2233e-10
424 1.32533e-06 4.46759e-08 4.07766e-10
425 1.30626e-06 4.37053e-08 3.93703e-10
426 1.28748e-06 4.27558e-08 3.80126e-10
427 1.26901e-06 4.18268e-08 3.67017e-10
428 1.25082e-06 4.0918e-08 3.54361e-10
429 1.23293e-06 4.00288e-08 3.4214e-10
430 1.21532e-06 3.91589e-08 3.30341e-10
431 1.19798e-06 3.83079e-08 3.18949e-10
432 1.18092e-06 3.74753e-08 3.0795e-10
433 1.16412e-06 3.66608e-08 2.9733e-10
434 1.14759e-06 3.58639e-08 2.87076e-10
435 1.13131e-06 3.50843e-08 2.77176e-10
436 1.11529e-06 3.43215e-08 2.67618e-10
437 1.09952e-06 3.35754e-08 2.58389e-10
438 1.08399e-06 3.28454e-08 2.49478e-10
439 1.06871e-06 3.21312e-08 2.40874e-10
440 1.05366e-06 3.14326e-08 2.32567e-10
441 1.03884e-06 3.07491e-08 2.24547e-10
442 1.02426e-06 3.00804e-08 2.16804e-10
443 1.00989e-06 2.94262e-08 2.09327e-10
444 9.95753e-07 2.87862e-08 2.02108e-10
445 9.81828e-07 2.81602e-08 1.95138e-10
446 9.68117e-07 2.75477e-08 1.88409e-10
447 9.54616e-07 2.69485e-08 1.81911e-10
448 9.4132e-07 2.63623e-08 1.75638e-10
449 9.28228e-07 2.57888e-08 1.69581e-10
450 9.15334e-07 2.52278e-08 1.63732e-10
451 9.02637e-07 2.4679e-08 1.58086e-10
452 8.90132e-07 2.4142e-08 1.52634e-10
453 8.77816e-07 2.36168e-08 1.47371e-10
454 8.65686e-07 2.31029e-08 1.42288e-10
455 8.5374e-07 2.26003e-08 1.37381e-10
456 8.41973e-07 2.21085e-08 1.32644e-10
457 8.30383e-07 2.16274e-08 1.28069e-10
458 8.18967e-07 2.11568e-08 1.23653e-10
459 8.07722e-07 2.06964e-08 1.19388e-10
460 7.96645e-07 2.0246e-08 1.15271e-10
461 7.85734e-07 1.98053e-08 1.11296e-10
462 7.74985e-07 1.93743e-08 1.07458e-10
463 7.64396e-07 1.89526e-08 1.03752e-10
464 7.53965e-07 1.85401e-08 1.00174e-10
465 7.43688e-07 1.81366e-08 9.67192e-11
466 7.33563e-07 1.77418e-08 9.33837e-11
467 7.23588e-07 1.73556e-08 9.01633e-11
468 7.1376e-07 1.69778e-08 8.70539e-11
469 7.04077e-07 1.66082e-08 8.40518e-11
470 6.94537e-07 1.62467e-08 8.11531e-11
471 6.85136e-07 1.5893e-08 7.83545e-11
472 6.75874e-07 1.5547e-08 7.56523e-11
473 6.66747e-07 1.52085e-08 7.30434e-11
474 6.57753e-07 1.48774e-08 7.05244e-11
475 6.4889e-07 1.45535e-08 6.80923e-11
476 6.40157e-07 1.42366e-08 6.5744e-11
477 6.31551e-07 1.39266e-08 6.34768e-11
478 6.2307e-07 1.36234e-08 6.12877e-11
479 6.14711e-07 1.33268e-08 5.91741e-11
480 6.06474e-07 1.30366e-08 5.71334e-11
481 5.98356e-07 1.27527e-08 5.51631e-11
482 5.90354e-07 1.2475e-08 5.32607e-11
483 5.82469e-07 1.22034e-08 5.1424e-11
484 5.74696e-07 1.19376e-08 4.96506e-11
485 5.67036e-07 1.16776e-08 4.79383e-11
486 5.59485e-07 1.14233e-08 4.62851e-11
487 5.52042e-07 1.11746e-08 4.46889e-11
488 5.44706e-07 1.09312e-08 4.31477e-11
489 5.37475e-07 1.06931e-08 4.16597e-11
490 5.30346e-07 1.04602e-08 4.0223e-11
491 5.2332e-07 1.02324e-08 3.88359e-11
492 5.16393e-07 1.00095e-08 3.74966e-11
493 5.09564e-07 9.79154e-09 3.62035e-11
494 5.02832e-07 9.57827e-09 3.49549e-11
495 4.96196e-07 9.36965e-09 3.37495e-11
496 4.89653e-07 9.16556e-09 3.25856e-11
497 4.83203e-07 8.96592e-09 3.14618e-11
498 4.76844e-07 8.77062e-09 3.03769e-11
499 4.70574e-07 8.57957e-09 2.93292e-11
500 4.64392e-07 8.39269e-09 2.83178e-11
501 4.58297e-07 8.20987e-09 2.73412e-11
502 4.52288e-07 8.03103e-09 2.63983e-11
503 4.46362e-07 7.85608e-09 2.5488e-11
504 4.4052e-07 7.68494e-09 2.4609e-11
505 4.34759e-07 7.51753e-09 2.37603e-11
506 4.29078e-07 7.35376e-09 2.29409e-11
507 4.23476e-07 7.19356e-09 2.21497e-11
508 4.17953e-07 7.03685e-09 2.13859e-11
509 4.12506e-07 6.88355e-09 2.06483e-11
510 4.07134e-07 6.73358e-09 1.99363e-11
511 4.01837e-07 6.58689e-09 1.92487e-11
512 3.96613e-07 6.44338e-09 1.85849e-11
513 3.91462e-07 6.303e-09 1.7944e-11
514 3.86381e-07 6.16568e-09 1.73252e-11
515 3.81371e-07 6.03135e-09 1.67277e-11
516 3.76429e-07 5.89994e-09 1.61508e-11
517 3.71555e-07 5.77139e-09 1.55938e-11
518 3.66748e-07 5.64565e-09 1.5056e-11
519 3.62007e-07 5.52264e-09 1.45368e-11
520 3.57332e-07 5.40231e-09 1.40355e-11
521 3.52719e-07 5.2846e-09 1.35515e-11
522 3.4817e-07 5.16946e-09 1.30841e-11
523 3.43683e-07 5.05682e-09 1.26329e-11
524 3.39258e-07 4.94664e-09 1.21973e-11
525 3.34892e-07 4.83886e-09 1.17766e-11
526 3.30586e-07 4.73342e-09 1.13705e-11
527 3.26338e-07 4.63028e-09 1.09784e-11
528 3.22148e-07 4.52939e-09 1.05997e-11
529 3.18014e-07 4.43069e-09 1.02342e-11
530 3.13937e-07 4.33415e-09 9.88126e-12
531 3.09914e-07 4.2397e-09 9.54051e-12
532 3.05946e-07 4.14732e-09 9.21152e-12
533 3.02032e-07 4.05695e-09 8.89377e-12
534 2.9817e-07 3.96854e-09 8.5871e-12
535 2.9436e-07 3.88206e-09 8.29095e-12
536 2.90601e-07 3.79747e-09 8.00504e-12
537 2.86893e-07 3.71472e-09 7.72896e-12
538 2.83235e-07 3.63377e-09 7.46245e-12
539 2.79625e-07 3.55458e-09 7.20507e-12
540 2.76064e-07 3.47712e-09 6.9566e-12
541 2.72551e-07 3.40135e-09 6.71668e-12
542 2.69084e-07 3.32722e-09 6.48509e-12
543 2.65664e-07 3.25472e-09 6.26138e-12
544 2.62289e-07 3.18379e-09 6.0455e-12
545 2.58959e-07 3.11441e-09 5.83697e-12
546 2.55673e-07 3.04653e-09 5.63569e-12
547 2.52431e-07 2.98014e-09 5.44134e-12
548 2.49232e-07 2.9152e-09 5.25369e-12
549 2.46076e-07 2.85166e-09 5.07253e-12
550 2.42961e-07 2.78952e-09 4.89758e-12
551 2.39888e-07 2.72873e-09 4.72869e-12
552 2.36855e-07 2.66926e-09 4.56563e-12
553 2.33862e-07 2.61108e-09 4.40814e-12
554 2.30909e-07 2.55418e-09 4.25612e-12
555 2.27995e-07 2.49852e-09 4.10932e-12
556 2.25119e-07 2.44406e-09 3.96766e-12
557 2.22281e-07 2.3908e-09 3.83082e-12
558 2.1948e-07 2.33869e-09 3.69871e-12
559 2.16716e-07 2.28772e-09 3.57112e-12
560 2.13988e-07 2.23786e-09 3.44802e-12
561 2.11296e-07 2.18909e-09 3.32909e-12
562 2.08639e-07 2.14138e-09 3.21426e-12
563 2.06017e-07 2.09471e-09 3.10343e-12
564 2.03429e-07 2.04906e-09 2.99641e-12
565 2.0099e-07 2.0044e-09 2.89305e-12
566 1.98729e-07 1.96071e-09 2.79327e-12
567 1.96491e-07 1.91798e-09 2.69695e-12
568 1.94277e-07 1.87618e-09 2.604e-12
569 1.92086e-07 1.83529e-09 2.51413e-12
570 1.89918e-07 1.79529e-09 2.42745e-12
571 1.87772e-07 1.75616e-09 2.34376e-12
572 1.8565e-07 1.71788e-09 2.26288e-12
573 1.8355e-07 1.68044e-09 2.18484e-12
574 1.81472e-07 1.64381e-09 2.10953e-12
575 1.79417e-07 1.60799e-09 2.03676e-12
576 1.77383e-07 1.57294e-09 1.96654e-12
577 1.75371e-07 1.53866e-09 1.89868e-12
578 1.73381e-07 1.50512e-09 1.83326e-12
579 1.71412e-07 1.47232e-09 1.77e-12
580 1.69463e-07 1.44023e-09 1.70897e-12
581 1.67536e-07 1.40883e-09 1.65001e-12
582 1.6563e-07 1.37813e-09 1.59311e-12
583 1.63744e-07 1.34809e-09 1.53819e-12
584 1.61878e-07 1.31871e-09 1.48515e-12
585 1.60032e-07 1.28996e-09 1.43391e-12
586 1.58207e-07 1.26185e-09 1.38448e-12
587 1.56401e-07 1.23434e-09 1.33674e-12
588 1.54615e-07 1.20744e-09 1.29063e-12
589 1.52848e-07 1.18112e-09 1.24611e-12
590 1.511e-07 1.15538e-09 1.20315e-12
591 1.49371e-07 1.1302e-09 1.16163e-12
592 1.47662e-07 1.10556e-09 1.1216e-12
593 1.4597e-07 1.08146e-09 1.08291e-12
594 1.44298e-07 1.05789e-09 1.04555e-12
595 1.42643e-07 1.03483e-09 1.00953e-12
596 1.41007e-07 1.01228e-09 9.74665e-13
597 1.39388e-07 9.90213e-10 9.41081e-13
598 1.37788e-07 9.6863e-10 9.08607e-13
599 1.36204e-07 9.47517e-10 8.77298e-13
600 1.34639e-07 9.26864e-10 8.47017e-13
601 1.3309e-07 9.06661e-10 8.17846e-13
602 1.31559e-07 8.86899e-10 7.89646e-13
603 1.30044e-07 8.67567e-10 7.6239e-13
604 1.28546e-07 8.48657e-10 7.36078e-13
605 1.27065e-07 8.30159e-10 7.10709e-13
606 1.256e-07 8.12064e-10 6.86201e-13
607 1.24152e-07 7.94363e-10 6.62526e-13
608 1.22719e-07 7.77048e-10 6.39711e-13
609 1.21302e-07 7.60111e-10 6.17617e-13
610 1.19901e-07 7.43542e-10 5.96356e-13
611 1.18516e-07 7.27335e-10 5.75762e-13
612 1.17146e-07 7.11481e-10 5.55889e-13
613 1.15791e-07 6.95973e-10 5.36737e-13
614 1.14452e-07 6.80803e-10 5.18224e-13
615 1.13127e-07 6.65963e-10 5.00378e-13
616 1.11817e-07 6.51447e-10 4.83086e-13
617 1.10522e-07 6.37247e-10 4.66405e-13
618 1.09242e-07 6.23356e-10 4.50362e-13
619 1.07975e-07 6.09769e-10 4.34847e-13
620 1.06723e-07 5.96477e-10 4.19803e-13
621 1.05485e-07 5.83476e-10 4.0537e-13
622 1.04261e-07 5.70757e-10 3.91354e-13
623 1.0305e-07 5.58316e-10 3.77864e-13
624 1.01853e-07 5.46146e-10 3.64875e-13
625 1.0067e-07 5.34241e-10 3.52246e-13
626 9.95e-08 5.22596e-10 3.40117e-13
