10.25 1.0374
0.75 1.03793
1.25 1.03748
1.75 1.03742
2.25 1.03781
2.75 1.03773
3.25 1.03703
3.75 1.03662
4.25 1.03774
4.75 1.04119
5.25 1.04707
5.75 1.05494
6.25 1.0641
6.75 1.0738
7.25 1.08338
7.75 1.09238
8.25 1.10048
8.75 1.1075
9.25 1.1134
9.75 1.11817
10.25 1.12191
10.75 1.12465
11.25 1.1266
11.75 1.1277
12.25 1.12831
12.75 1.12814
13.25 1.12784
13.75 1.1267
14.25 1.12587
14.75 1.12398
15.25 1.12292
15.75 1.12043
16.25 1.11933
16.75 1.11642
17.25 1.11536
17.75 1.1122
18.25 1.11116
18.75 1.10797
19.25 1.10687
19.75 1.10381
20.25 1.10263
20.75 1.09974
21.25 1.09855
21.75 1.09576
22.25 1.09471
22.75 1.09189
23.25 1.0911
23.75 1.08818
24.25 1.08771
24.75 1.08463
