50.015625 1.03779
0.046875 1.0378
0.078125 1.0378
0.109375 1.0378
0.140625 1.0378
0.171875 1.0378
0.203125 1.0378
0.234375 1.0378
0.265625 1.0378
0.296875 1.0378
0.328125 1.0378
0.359375 1.0378
0.390625 1.0378
0.421875 1.0378
0.453125 1.0378
0.484375 1.0378
0.515625 1.0378
0.546875 1.0378
0.578125 1.0378
0.609375 1.0378
0.640625 1.0378
0.671875 1.0378
0.703125 1.0378
0.734375 1.0378
0.765625 1.0378
0.796875 1.0378
0.828125 1.0378
0.859375 1.0378
0.890625 1.0378
0.921875 1.0378
0.953125 1.0378
0.984375 1.0378
1.01562 1.0378
1.04688 1.0378
1.07812 1.0378
1.10938 1.0378
1.14062 1.0378
1.17188 1.0378
1.20312 1.0378
1.23438 1.0378
1.26562 1.0378
1.29688 1.0378
1.32812 1.0378
1.35938 1.0378
1.39062 1.0378
1.42188 1.0378
1.45312 1.0378
1.48438 1.0378
1.51562 1.0378
1.54688 1.0378
1.57812 1.0378
1.60938 1.0378
1.64062 1.0378
1.67188 1.0378
1.70312 1.0378
1.73438 1.0378
1.76562 1.0378
1.79688 1.0378
1.82812 1.0378
1.85938 1.0378
1.89062 1.0378
1.92188 1.0378
1.95312 1.0378
1.98438 1.0378
2.01562 1.0378
2.04688 1.0378
2.07812 1.0378
2.10938 1.0378
2.14062 1.0378
2.17188 1.0378
2.20312 1.0378
2.23438 1.0378
2.26562 1.0378
2.29688 1.0378
2.32812 1.0378
2.35938 1.0378
2.39062 1.0378
2.42188 1.0378
2.45312 1.0378
2.48438 1.0378
2.51562 1.0378
2.54688 1.0378
2.57812 1.0378
2.60938 1.0378
2.64062 1.0378
2.67188 1.0378
2.70312 1.0378
2.73438 1.0378
2.76562 1.0378
2.79688 1.0378
2.82812 1.0378
2.85938 1.0378
2.89062 1.0378
2.92188 1.0378
2.95312 1.0378
2.98438 1.0378
3.01562 1.03781
3.04688 1.03781
3.07812 1.03781
3.10938 1.03781
3.14062 1.03781
3.17188 1.03782
3.20312 1.03782
3.23438 1.03782
3.26562 1.03783
3.29688 1.03783
3.32812 1.03784
3.35938 1.03785
3.39062 1.03785
3.42188 1.03786
3.45312 1.03787
3.48438 1.03788
3.51562 1.0379
3.54688 1.03791
3.57812 1.03793
3.60938 1.03794
3.64062 1.03796
3.67188 1.03799
3.70312 1.03801
3.73438 1.03804
3.76562 1.03807
3.79688 1.0381
3.82812 1.03813
3.85938 1.03817
3.89062 1.03821
3.92188 1.03826
3.95312 1.03831
3.98438 1.03836
4.01562 1.03842
4.04688 1.03848
4.07812 1.03855
4.10938 1.03862
4.14062 1.0387
4.17188 1.03879
4.20312 1.03887
4.23438 1.03897
4.26562 1.03907
4.29688 1.03918
4.32812 1.03929
4.35938 1.03941
4.39062 1.03954
4.42188 1.03967
4.45312 1.03982
4.48438 1.03997
4.51562 1.04012
4.54688 1.04029
4.57812 1.04046
4.60938 1.04065
4.64062 1.04084
4.67188 1.04103
4.70312 1.04124
4.73438 1.04146
4.76562 1.04168
4.79688 1.04192
4.82812 1.04216
4.85938 1.04241
4.89062 1.04268
4.92188 1.04295
4.95312 1.04323
4.98438 1.04352
5.01562 1.04382
5.04688 1.04412
5.07812 1.04444
5.10938 1.04477
5.14062 1.04511
5.17188 1.04545
5.20312 1.04581
5.23438 1.04617
5.26562 1.04654
5.29688 1.04692
5.32812 1.04732
5.35938 1.04772
5.39062 1.04812
5.42188 1.04854
5.45312 1.04897
5.48438 1.0494
5.51562 1.04984
5.54688 1.05029
5.57812 1.05075
5.60938 1.05122
5.64062 1.05169
5.67188 1.05217
5.70312 1.05266
5.73438 1.05316
5.76562 1.05366
5.79688 1.05417
5.82812 1.05469
5.85938 1.05521
5.89062 1.05574
5.92188 1.05627
5.95312 1.05681
5.98438 1.05736
6.01562 1.05791
6.04688 1.05847
6.07812 1.05903
6.10938 1.05959
6.14062 1.06017
6.17188 1.06074
6.20312 1.06132
6.23438 1.0619
6.26562 1.06249
6.29688 1.06308
6.32812 1.06367
6.35938 1.06427
6.39062 1.06487
6.42188 1.06547
6.45312 1.06608
6.48438 1.06669
6.51562 1.06729
6.54688 1.06791
6.57812 1.06852
6.60938 1.06913
6.64062 1.06975
6.67188 1.07037
6.70312 1.07098
6.73438 1.0716
6.76562 1.07222
6.79688 1.07284
6.82812 1.07346
6.85938 1.07408
6.89062 1.0747
6.92188 1.07532
6.95312 1.07594
6.98438 1.07656
7.01562 1.07718
7.04688 1.0778
7.07812 1.07841
7.10938 1.07903
7.14062 1.07964
7.17188 1.08025
7.20312 1.08086
7.23438 1.08147
7.26562 1.08208
7.29688 1.08269
7.32812 1.08329
7.35938 1.08389
7.39062 1.08449
7.42188 1.08508
7.45312 1.08568
7.48438 1.08627
7.51562 1.08686
7.54688 1.08744
7.57812 1.08803
7.60938 1.08861
7.64062 1.08918
7.67188 1.08976
7.70312 1.09033
7.73438 1.09089
7.76562 1.09146
7.79688 1.09201
7.82812 1.09257
7.85938 1.09312
7.89062 1.09367
7.92188 1.09422
7.95312 1.09476
7.98438 1.09529
8.01562 1.09583
8.04688 1.09636
8.07812 1.09688
8.10938 1.0974
8.14062 1.09792
8.17188 1.09843
8.20312 1.09894
8.23438 1.09944
8.26562 1.09994
8.29688 1.10044
8.32812 1.10093
8.35938 1.10142
8.39062 1.1019
8.42188 1.10238
8.45312 1.10285
8.48438 1.10332
8.51562 1.10378
8.54688 1.10424
8.57812 1.10469
8.60938 1.10514
8.64062 1.10559
8.67188 1.10603
8.70312 1.10647
8.73438 1.1069
8.76562 1.10732
8.79688 1.10775
8.82812 1.10816
8.85938 1.10858
8.89062 1.10898
8.92188 1.10939
8.95312 1.10978
8.98438 1.11018
9.01562 1.11057
9.04688 1.11095
9.07812 1.11133
9.10938 1.11171
9.14062 1.11208
9.17188 1.11244
9.20312 1.1128
9.23438 1.11316
9.26562 1.11351
9.29688 1.11386
9.32812 1.1142
9.35938 1.11454
9.39062 1.11487
9.42188 1.1152
9.45312 1.11552
9.48438 1.11584
9.51562 1.11616
9.54688 1.11647
9.57812 1.11677
9.60938 1.11707
9.64062 1.11737
9.67188 1.11766
9.70312 1.11795
9.73438 1.11824
9.76562 1.11851
9.79688 1.11879
9.82812 1.11906
9.85938 1.11933
9.89062 1.11959
9.92188 1.11984
9.95312 1.1201
9.98438 1.12035
10.0156 1.12059
10.0469 1.12083
10.0781 1.12107
10.1094 1.1213
10.1406 1.12153
10.1719 1.12175
10.2031 1.12197
10.2344 1.12219
10.2656 1.1224
10.2969 1.12261
10.3281 1.12282
10.3594 1.12302
10.3906 1.12321
10.4219 1.12341
10.4531 1.12359
10.4844 1.12378
10.5156 1.12396
10.5469 1.12414
10.5781 1.12431
10.6094 1.12448
10.6406 1.12465
10.6719 1.12481
10.7031 1.12497
10.7344 1.12513
10.7656 1.12528
10.7969 1.12543
10.8281 1.12557
10.8594 1.12571
10.8906 1.12585
10.9219 1.12599
10.9531 1.12612
10.9844 1.12625
11.0156 1.12637
11.0469 1.12649
11.0781 1.12661
11.1094 1.12672
11.1406 1.12684
11.1719 1.12695
11.2031 1.12705
11.2344 1.12715
11.2656 1.12725
11.2969 1.12735
11.3281 1.12744
11.3594 1.12753
11.3906 1.12762
11.4219 1.1277
11.4531 1.12779
11.4844 1.12786
11.5156 1.12794
11.5469 1.12801
11.5781 1.12808
11.6094 1.12815
11.6406 1.12821
11.6719 1.12828
11.7031 1.12834
11.7344 1.12839
11.7656 1.12845
11.7969 1.1285
11.8281 1.12855
11.8594 1.12859
11.8906 1.12863
11.9219 1.12868
11.9531 1.12871
11.9844 1.12875
12.0156 1.12878
12.0469 1.12882
12.0781 1.12884
12.1094 1.12887
12.1406 1.12889
12.1719 1.12892
12.2031 1.12894
12.2344 1.12895
12.2656 1.12897
12.2969 1.12898
12.3281 1.12899
12.3594 1.129
12.3906 1.12901
12.4219 1.12901
12.4531 1.12901
12.4844 1.12901
12.5156 1.12901
12.5469 1.12901
12.5781 1.129
12.6094 1.12899
12.6406 1.12898
12.6719 1.12897
12.7031 1.12896
12.7344 1.12894
12.7656 1.12893
12.7969 1.12891
12.8281 1.12889
12.8594 1.12886
12.8906 1.12884
12.9219 1.12881
12.9531 1.12878
12.9844 1.12875
13.0156 1.12872
13.0469 1.12869
13.0781 1.12865
13.1094 1.12862
13.1406 1.12858
13.1719 1.12854
13.2031 1.1285
13.2344 1.12846
13.2656 1.12841
13.2969 1.12837
13.3281 1.12832
13.3594 1.12827
13.3906 1.12822
13.4219 1.12817
13.4531 1.12811
13.4844 1.12806
13.5156 1.128
13.5469 1.12795
13.5781 1.12789
13.6094 1.12783
13.6406 1.12777
13.6719 1.1277
13.7031 1.12764
13.7344 1.12757
13.7656 1.12751
13.7969 1.12744
13.8281 1.12737
13.8594 1.1273
13.8906 1.12723
13.9219 1.12716
13.9531 1.12708
13.9844 1.12701
14.0156 1.12693
14.0469 1.12686
14.0781 1.12678
14.1094 1.1267
14.1406 1.12662
14.1719 1.12654
14.2031 1.12646
14.2344 1.12637
14.2656 1.12629
14.2969 1.1262
14.3281 1.12612
14.3594 1.12603
14.3906 1.12594
14.4219 1.12585
14.4531 1.12576
14.4844 1.12567
14.5156 1.12558
14.5469 1.12549
14.5781 1.12539
14.6094 1.1253
14.6406 1.1252
14.6719 1.12511
14.7031 1.12501
14.7344 1.12491
14.7656 1.12481
14.7969 1.12471
14.8281 1.12461
14.8594 1.12451
14.8906 1.12441
14.9219 1.12431
14.9531 1.12421
14.9844 1.1241
15.0156 1.124
15.0469 1.12389
15.0781 1.12379
15.1094 1.12368
15.1406 1.12357
15.1719 1.12346
15.2031 1.12336
15.2344 1.12325
15.2656 1.12314
15.2969 1.12303
15.3281 1.12292
15.3594 1.1228
15.3906 1.12269
15.4219 1.12258
15.4531 1.12247
15.4844 1.12235
15.5156 1.12224
15.5469 1.12212
15.5781 1.12201
15.6094 1.12189
15.6406 1.12178
15.6719 1.12166
15.7031 1.12154
15.7344 1.12142
15.7656 1.12131
15.7969 1.12119
15.8281 1.12107
15.8594 1.12095
15.8906 1.12083
15.9219 1.12071
15.9531 1.12059
15.9844 1.12046
16.0156 1.12034
16.0469 1.12022
16.0781 1.1201
16.1094 1.11998
16.1406 1.11985
16.1719 1.11973
16.2031 1.1196
16.2344 1.11948
16.2656 1.11936
16.2969 1.11923
16.3281 1.1191
16.3594 1.11898
16.3906 1.11885
16.4219 1.11873
16.4531 1.1186
16.4844 1.11847
16.5156 1.11835
16.5469 1.11822
16.5781 1.11809
16.6094 1.11796
16.6406 1.11783
16.6719 1.11771
16.7031 1.11758
16.7344 1.11745
16.7656 1.11732
16.7969 1.11719
16.8281 1.11706
16.8594 1.11693
16.8906 1.1168
16.9219 1.11667
16.9531 1.11654
16.9844 1.11641
17.0156 1.11628
17.0469 1.11615
17.0781 1.11602
17.1094 1.11588
17.1406 1.11575
17.1719 1.11562
17.2031 1.11549
17.2344 1.11536
17.2656 1.11522
17.2969 1.11509
17.3281 1.11496
17.3594 1.11483
17.3906 1.11469
17.4219 1.11456
17.4531 1.11443
17.4844 1.1143
17.5156 1.11416
17.5469 1.11403
17.5781 1.1139
17.6094 1.11376
17.6406 1.11363
17.6719 1.11349
17.7031 1.11336
17.7344 1.11323
17.7656 1.11309
17.7969 1.11296
17.8281 1.11283
17.8594 1.11269
17.8906 1.11256
17.9219 1.11242
17.9531 1.11229
17.9844 1.11215
18.0156 1.11202
18.0469 1.11189
18.0781 1.11175
18.1094 1.11162
18.1406 1.11148
18.1719 1.11135
18.2031 1.11121
18.2344 1.11108
18.2656 1.11094
18.2969 1.11081
18.3281 1.11067
18.3594 1.11054
18.3906 1.1104
18.4219 1.11027
18.4531 1.11014
18.4844 1.11
18.5156 1.10987
18.5469 1.10973
18.5781 1.1096
18.6094 1.10946
18.6406 1.10933
18.6719 1.10919
18.7031 1.10906
18.7344 1.10892
18.7656 1.10879
18.7969 1.10866
18.8281 1.10852
18.8594 1.10839
18.8906 1.10825
18.9219 1.10812
18.9531 1.10798
18.9844 1.10785
19.0156 1.10772
19.0469 1.10758
19.0781 1.10745
19.1094 1.10731
19.1406 1.10718
19.1719 1.10705
19.2031 1.10691
19.2344 1.10678
19.2656 1.10665
19.2969 1.10651
19.3281 1.10638
19.3594 1.10625
19.3906 1.10611
19.4219 1.10598
19.4531 1.10585
19.4844 1.10571
19.5156 1.10558
19.5469 1.10545
19.5781 1.10532
19.6094 1.10518
19.6406 1.10505
19.6719 1.10492
19.7031 1.10479
19.7344 1.10465
19.7656 1.10452
19.7969 1.10439
19.8281 1.10426
19.8594 1.10413
19.8906 1.104
19.9219 1.10386
19.9531 1.10373
19.9844 1.1036
20.0156 1.10347
20.0469 1.10334
20.0781 1.10321
20.1094 1.10308
20.1406 1.10295
20.1719 1.10282
20.2031 1.10269
20.2344 1.10256
20.2656 1.10243
20.2969 1.1023
20.3281 1.10217
20.3594 1.10204
20.3906 1.10191
20.4219 1.10178
20.4531 1.10165
20.4844 1.10152
20.5156 1.10139
20.5469 1.10126
20.5781 1.10113
20.6094 1.101
20.6406 1.10087
20.6719 1.10075
20.7031 1.10062
20.7344 1.10049
20.7656 1.10036
20.7969 1.10023
20.8281 1.10011
20.8594 1.09998
20.8906 1.09985
20.9219 1.09973
20.9531 1.0996
20.9844 1.09947
21.0156 1.09935
21.0469 1.09922
21.0781 1.09909
21.1094 1.09897
21.1406 1.09884
21.1719 1.09871
21.2031 1.09859
21.2344 1.09846
21.2656 1.09834
21.2969 1.09821
21.3281 1.09809
21.3594 1.09796
21.3906 1.09784
21.4219 1.09771
21.4531 1.09759
21.4844 1.09747
21.5156 1.09734
21.5469 1.09722
21.5781 1.09709
21.6094 1.09697
21.6406 1.09685
21.6719 1.09672
21.7031 1.0966
21.7344 1.09648
21.7656 1.09636
21.7969 1.09623
21.8281 1.09611
21.8594 1.09599
21.8906 1.09587
21.9219 1.09575
21.9531 1.09562
21.9844 1.0955
22.0156 1.09538
22.0469 1.09526
22.0781 1.09514
22.1094 1.09502
22.1406 1.0949
22.1719 1.09478
22.2031 1.09466
22.2344 1.09454
22.2656 1.09442
22.2969 1.0943
22.3281 1.09418
22.3594 1.09406
22.3906 1.09394
22.4219 1.09382
22.4531 1.0937
22.4844 1.09359
22.5156 1.09347
22.5469 1.09335
22.5781 1.09323
22.6094 1.09311
22.6406 1.093
22.6719 1.09288
22.7031 1.09276
22.7344 1.09265
22.7656 1.09253
22.7969 1.09241
22.8281 1.0923
22.8594 1.09218
22.8906 1.09206
22.9219 1.09195
22.9531 1.09183
22.9844 1.09172
23.0156 1.0916
23.0469 1.09149
23.0781 1.09137
23.1094 1.09126
23.1406 1.09114
23.1719 1.09103
23.2031 1.09091
23.2344 1.0908
23.2656 1.09068
23.2969 1.09057
23.3281 1.09046
23.3594 1.09034
23.3906 1.09023
23.4219 1.09012
23.4531 1.09
23.4844 1.08989
23.5156 1.08978
23.5469 1.08967
23.5781 1.08955
23.6094 1.08944
23.6406 1.08933
23.6719 1.08922
23.7031 1.08911
23.7344 1.08899
23.7656 1.08888
23.7969 1.08877
23.8281 1.08866
23.8594 1.08855
23.8906 1.08844
23.9219 1.08833
23.9531 1.08822
23.9844 1.08811
24.0156 1.088
24.0469 1.08789
24.0781 1.08778
24.1094 1.08767
24.1406 1.08756
24.1719 1.08745
24.2031 1.08734
24.2344 1.08723
24.2656 1.08712
24.2969 1.08701
24.3281 1.08691
24.3594 1.0868
24.3906 1.08669
24.4219 1.08658
24.4531 1.08647
24.4844 1.08636
24.5156 1.08626
24.5469 1.08615
24.5781 1.08604
24.6094 1.08593
24.6406 1.08582
24.6719 1.08572
24.7031 1.08561
24.7344 1.0855
24.7656 1.0854
24.7969 1.08529
24.8281 1.08518
24.8594 1.08507
24.8906 1.08497
24.9219 1.08486
24.9531 1.08477
24.9844 1.0847
