40.03125 1.03777
0.09375 1.03779
0.15625 1.03779
0.21875 1.03779
0.28125 1.03779
0.34375 1.03779
0.40625 1.03779
0.46875 1.03779
0.53125 1.03779
0.59375 1.03779
0.65625 1.0378
0.71875 1.0378
0.78125 1.0378
0.84375 1.0378
0.90625 1.0378
0.96875 1.0378
1.03125 1.0378
1.09375 1.0378
1.15625 1.0378
1.21875 1.0378
1.28125 1.0378
1.34375 1.0378
1.40625 1.0378
1.46875 1.0378
1.53125 1.0378
1.59375 1.0378
1.65625 1.0378
1.71875 1.0378
1.78125 1.0378
1.84375 1.0378
1.90625 1.0378
1.96875 1.0378
2.03125 1.0378
2.09375 1.0378
2.15625 1.0378
2.21875 1.0378
2.28125 1.0378
2.34375 1.0378
2.40625 1.0378
2.46875 1.0378
2.53125 1.0378
2.59375 1.0378
2.65625 1.0378
2.71875 1.0378
2.78125 1.0378
2.84375 1.0378
2.90625 1.0378
2.96875 1.0378
3.03125 1.0378
3.09375 1.03781
3.15625 1.03781
3.21875 1.03782
3.28125 1.03783
3.34375 1.03784
3.40625 1.03785
3.46875 1.03787
3.53125 1.0379
3.59375 1.03793
3.65625 1.03797
3.71875 1.03801
3.78125 1.03807
3.84375 1.03814
3.90625 1.03823
3.96875 1.03832
4.03125 1.03844
4.09375 1.03857
4.15625 1.03873
4.21875 1.03891
4.28125 1.03911
4.34375 1.03934
4.40625 1.03959
4.46875 1.03988
4.53125 1.0402
4.59375 1.04054
4.65625 1.04093
4.71875 1.04134
4.78125 1.04179
4.84375 1.04228
4.90625 1.04281
4.96875 1.04337
5.03125 1.04397
5.09375 1.04461
5.15625 1.04528
5.21875 1.04599
5.28125 1.04674
5.34375 1.04752
5.40625 1.04834
5.46875 1.04919
5.53125 1.05008
5.59375 1.051
5.65625 1.05195
5.71875 1.05293
5.78125 1.05393
5.84375 1.05497
5.90625 1.05602
5.96875 1.05711
6.03125 1.05821
6.09375 1.05933
6.15625 1.06047
6.21875 1.06163
6.28125 1.06281
6.34375 1.064
6.40625 1.0652
6.46875 1.06641
6.53125 1.06762
6.59375 1.06885
6.65625 1.07008
6.71875 1.07132
6.78125 1.07256
6.84375 1.0738
6.90625 1.07504
6.96875 1.07627
7.03125 1.07751
7.09375 1.07874
7.15625 1.07997
7.21875 1.08119
7.28125 1.0824
7.34375 1.08361
7.40625 1.08481
7.46875 1.08599
7.53125 1.08717
7.59375 1.08833
7.65625 1.08949
7.71875 1.09062
7.78125 1.09175
7.84375 1.09286
7.90625 1.09396
7.96875 1.09504
8.03125 1.09611
8.09375 1.09715
8.15625 1.09819
8.21875 1.0992
8.28125 1.1002
8.34375 1.10118
8.40625 1.10215
8.46875 1.10309
8.53125 1.10402
8.59375 1.10493
8.65625 1.10582
8.71875 1.10669
8.78125 1.10754
8.84375 1.10837
8.90625 1.10919
8.96875 1.10999
9.03125 1.11076
9.09375 1.11152
9.15625 1.11226
9.21875 1.11298
9.28125 1.11369
9.34375 1.11437
9.40625 1.11503
9.46875 1.11568
9.53125 1.11631
9.59375 1.11692
9.65625 1.11752
9.71875 1.11809
9.78125 1.11865
9.84375 1.11919
9.90625 1.11971
9.96875 1.12022
10.0312 1.12071
10.0938 1.12118
10.1562 1.12164
10.2188 1.12208
10.2812 1.1225
10.3438 1.12291
10.4062 1.1233
10.4688 1.12368
10.5312 1.12404
10.5938 1.12439
10.6562 1.12472
10.7188 1.12504
10.7812 1.12535
10.8438 1.12564
10.9062 1.12591
10.9688 1.12617
11.0312 1.12642
11.0938 1.12666
11.1562 1.12688
11.2188 1.12709
11.2812 1.12729
11.3438 1.12748
11.4062 1.12765
11.4688 1.12782
11.5312 1.12797
11.5938 1.12811
11.6562 1.12824
11.7188 1.12836
11.7812 1.12846
11.8438 1.12856
11.9062 1.12865
11.9688 1.12872
12.0312 1.12879
12.0938 1.12885
12.1562 1.1289
12.2188 1.12894
12.2812 1.12897
12.3438 1.12899
12.4062 1.129
12.4688 1.12901
12.5312 1.129
12.5938 1.12899
12.6562 1.12897
12.7188 1.12894
12.7812 1.12891
12.8438 1.12887
12.9062 1.12882
12.9688 1.12876
13.0312 1.1287
13.0938 1.12863
13.1562 1.12855
13.2188 1.12847
13.2812 1.12838
13.3438 1.12829
13.4062 1.12818
13.4688 1.12808
13.5312 1.12797
13.5938 1.12785
13.6562 1.12773
13.7188 1.1276
13.7812 1.12747
13.8438 1.12733
13.9062 1.12719
13.9688 1.12704
14.0312 1.12689
14.0938 1.12673
14.1562 1.12657
14.2188 1.12641
14.2812 1.12624
14.3438 1.12606
14.4062 1.12589
14.4688 1.12571
14.5312 1.12552
14.5938 1.12534
14.6562 1.12515
14.7188 1.12495
14.7812 1.12476
14.8438 1.12456
14.9062 1.12435
14.9688 1.12415
15.0312 1.12394
15.0938 1.12373
15.1562 1.12351
15.2188 1.12329
15.2812 1.12307
15.3438 1.12285
15.4062 1.12263
15.4688 1.1224
15.5312 1.12217
15.5938 1.12194
15.6562 1.12171
15.7188 1.12148
15.7812 1.12124
15.8438 1.121
15.9062 1.12076
15.9688 1.12052
16.0312 1.12027
16.0938 1.12003
16.1562 1.11978
16.2188 1.11954
16.2812 1.11929
16.3438 1.11904
16.4062 1.11878
16.4688 1.11853
16.5312 1.11828
16.5938 1.11802
16.6562 1.11776
16.7188 1.11751
16.7812 1.11725
16.8438 1.11699
16.9062 1.11673
16.9688 1.11647
17.0312 1.11621
17.0938 1.11594
17.1562 1.11568
17.2188 1.11542
17.2812 1.11515
17.3438 1.11489
17.4062 1.11462
17.4688 1.11436
17.5312 1.11409
17.5938 1.11382
17.6562 1.11356
17.7188 1.11329
17.7812 1.11302
17.8438 1.11275
17.9062 1.11248
17.9688 1.11222
18.0312 1.11195
18.0938 1.11168
18.1562 1.11141
18.2188 1.11114
18.2812 1.11087
18.3438 1.1106
18.4062 1.11033
18.4688 1.11006
18.5312 1.10979
18.5938 1.10952
18.6562 1.10926
18.7188 1.10899
18.7812 1.10872
18.8438 1.10845
18.9062 1.10818
18.9688 1.10791
19.0312 1.10765
19.0938 1.10738
19.1562 1.10711
19.2188 1.10684
19.2812 1.10658
19.3438 1.10631
19.4062 1.10604
19.4688 1.10578
19.5312 1.10551
19.5938 1.10525
19.6562 1.10498
19.7188 1.10472
19.7812 1.10445
19.8438 1.10419
19.9062 1.10393
19.9688 1.10366
20.0312 1.1034
20.0938 1.10314
20.1562 1.10288
20.2188 1.10262
20.2812 1.10236
20.3438 1.1021
20.4062 1.10184
20.4688 1.10158
20.5312 1.10132
20.5938 1.10106
20.6562 1.10081
20.7188 1.10055
20.7812 1.10029
20.8438 1.10004
20.9062 1.09979
20.9688 1.09953
21.0312 1.09928
21.0938 1.09903
21.1562 1.09877
21.2188 1.09852
21.2812 1.09827
21.3438 1.09802
21.4062 1.09777
21.4688 1.09752
21.5312 1.09728
21.5938 1.09703
21.6562 1.09678
21.7188 1.09654
21.7812 1.09629
21.8438 1.09605
21.9062 1.0958
21.9688 1.09556
22.0312 1.09532
22.0938 1.09508
22.1562 1.09484
22.2188 1.0946
22.2812 1.09436
22.3438 1.09412
22.4062 1.09388
22.4688 1.09365
22.5312 1.09341
22.5938 1.09317
22.6562 1.09294
22.7188 1.0927
22.7812 1.09247
22.8438 1.09224
22.9062 1.09201
22.9688 1.09178
23.0312 1.09155
23.0938 1.09132
23.1562 1.09109
23.2188 1.09086
23.2812 1.09063
23.3438 1.09041
23.4062 1.09018
23.4688 1.08996
23.5312 1.08973
23.5938 1.08951
23.6562 1.08928
23.7188 1.08906
23.7812 1.08884
23.8438 1.08862
23.9062 1.0884
23.9688 1.08818
24.0312 1.08796
24.0938 1.08774
24.1562 1.08753
24.2188 1.08731
24.2812 1.0871
24.3438 1.08688
24.4062 1.08667
24.4688 1.08645
24.5312 1.08624
24.5938 1.08603
24.6562 1.08581
24.7188 1.0856
24.7812 1.08539
24.8438 1.08518
24.9062 1.08498
24.9688 1.08475
