0.05 0.05 0.00441799
0.05 0.15 0.00450421
0.05 0.25 0.00433035
0.05 0.35 0.00459498
0.05 0.45 0.00423579
0.05 0.55 0.00469677
0.05 0.65 0.00412896
0.05 0.75 0.00481797
0.05 0.85 0.00400695
0.05 0.95 0.00497301
0.05 1.05 0.00387468
0.05 1.15 0.00518997
0.05 1.25 0.00375529
0.05 1.35 0.00552218
0.05 1.45 0.00370317
0.05 1.55 0.00605227
0.05 1.65 0.00379478
0.05 1.75 0.00683142
0.05 1.85 0.00399685
0.05 1.95 0.00757085
0.05 2.05 0.00365526
0.05 2.15 0.00673071
0.05 2.25 0.00036635
0.05 2.35 3.18695e-05
0.05 2.45 -0.010519
0.05 2.55 -0.019527
0.05 2.65 -0.031329
0.05 2.75 -0.0621639
0.05 2.85 -0.0639395
0.05 2.95 -0.198985

0.15 0.05 0.00442004
0.15 0.15 0.00450725
0.15 0.25 0.00433232
0.15 0.35 0.00460064
0.15 0.45 0.00423937
0.15 0.55 0.00470731
0.15 0.65 0.00413653
0.15 0.75 0.00483678
0.15 0.85 0.00402131
0.15 0.95 0.00500338
0.15 1.05 0.00389574
0.15 1.15 0.00522927
0.15 1.25 0.00376886
0.15 1.35 0.00554485
0.15 1.45 0.00365326
0.15 1.55 0.00597433
0.15 1.65 0.0035354
0.15 1.75 0.00646815
0.15 1.85 0.00325668
0.15 1.95 0.00667137
0.15 2.05 0.00213602
0.15 2.15 0.0052939
0.15 2.25 -0.00186923
0.15 2.35 -0.000769087
0.15 2.45 -0.0123008
0.15 2.55 -0.0144006
0.15 2.65 -0.0282241
0.15 2.75 -0.0271765
0.15 2.85 -0.0342477
0.15 2.95 -0.0112766

0.25 0.05 0.00441798
0.25 0.15 0.00450511
0.25 0.25 0.00432961
0.25 0.35 0.00459751
0.25 0.45 0.00423488
0.25 0.55 0.00470177
0.25 0.65 0.0041284
0.25 0.75 0.00482635
0.25 0.85 0.00400621
0.25 0.95 0.0049835
0.25 1.05 0.00386782
0.25 1.15 0.00519166
0.25 1.25 0.00371824
0.25 1.35 0.00547519
0.25 1.45 0.00356519
0.25 1.55 0.00585034
0.25 1.65 0.0033933
0.25 1.75 0.00625817
0.25 1.85 0.00304498
0.25 1.95 0.00629603
0.25 2.05 0.00174725
0.25 2.15 0.00430259
0.25 2.25 -0.00324696
0.25 2.35 -0.00441933
0.25 2.45 -0.0176201
0.25 2.55 -0.0255201
0.25 2.65 -0.0414431
0.25 2.75 -0.04936
0.25 2.85 -0.0556574
0.25 2.95 -0.0458101

0.35 0.05 0.00442157
0.35 0.15 0.00450952
0.35 0.25 0.00433354
0.35 0.35 0.00460437
0.35 0.45 0.00424054
0.35 0.55 0.004713
0.35 0.65 0.00413701
0.35 0.75 0.00484415
0.35 0.85 0.00401797
0.35 0.95 0.00500955
0.35 1.05 0.00387962
0.35 1.15 0.00522558
0.35 1.25 0.00371988
0.35 1.35 0.00551451
0.35 1.45 0.00353819
0.35 1.55 0.0059038
0.35 1.65 0.00332976
0.35 1.75 0.0064081
0.35 1.85 0.00302856
0.35 1.95 0.00687199
0.35 2.05 0.00211744
0.35 2.15 0.00614078
0.35 2.25 -0.0018758
0.35 2.35 5.2894e-05
0.35 2.45 -0.0147464
0.35 2.55 -0.0157736
0.35 2.65 -0.0346836
0.35 2.75 -0.0255016
0.35 2.85 -0.0377232
0.35 2.95 -0.00367903

0.45 0.05 0.00441785
0.45 0.15 0.00450587
0.45 0.25 0.00432903
0.45 0.35 0.0045991
0.45 0.45 0.0042332
0.45 0.55 0.00470372
0.45 0.65 0.00412366
0.45 0.75 0.00482666
0.45 0.85 0.00399297
0.45 0.95 0.00497608
0.45 1.05 0.00383273
0.45 1.15 0.00516155
0.45 1.25 0.00363281
0.45 1.35 0.00539297
0.45 1.45 0.00337915
0.45 1.55 0.00567574
0.45 1.65 0.00304514
0.45 1.75 0.00598275
0.45 1.85 0.00251972
0.45 1.95 0.00604534
0.45 2.05 0.00109694
0.45 2.15 0.00419053
0.45 2.25 -0.00476359
0.45 2.35 -0.00609413
0.45 2.45 -0.0247747
0.45 2.55 -0.034287
0.45 2.65 -0.0602524
0.45 2.75 -0.0613335
0.45 2.85 -0.0745894
0.45 2.95 -0.0476996

0.55 0.05 0.00442171
0.55 0.15 0.00451037
0.55 0.25 0.00433371
0.55 0.35 0.00460572
0.55 0.45 0.00423993
0.55 0.55 0.0047143
0.55 0.65 0.00413339
0.55 0.75 0.00484323
0.55 0.85 0.00400561
0.55 0.95 0.00500071
0.55 1.05 0.00384587
0.55 1.15 0.00519705
0.55 1.25 0.00364134
0.55 1.35 0.00544896
0.55 1.45 0.00338237
0.55 1.55 0.00579423
0.55 1.65 0.00308099
0.55 1.75 0.00632128
0.55 1.85 0.00277711
0.55 1.95 0.00710116
0.55 2.05 0.00219285
0.55 2.15 0.00722598
0.55 2.25 -0.00149689
0.55 2.35 0.000904083
0.55 2.45 -0.0183328
0.55 2.55 -0.0225356
0.55 2.65 -0.0508599
0.55 2.75 -0.0429439
0.55 2.85 -0.0562589
0.55 2.95 -0.0212891

0.65 0.05 0.00441801
0.65 0.15 0.00450667
0.65 0.25 0.00432921
0.65 0.35 0.00460034
0.65 0.45 0.00423259
0.65 0.55 0.00470479
0.65 0.65 0.00411994
0.65 0.75 0.00482525
0.65 0.85 0.00398012
0.65 0.95 0.00496603
0.65 1.05 0.00379719
0.65 1.15 0.0051298
0.65 1.25 0.00354835
0.65 1.35 0.0053182
0.65 1.45 0.00320468
0.65 1.55 0.00553943
0.65 1.65 0.00274195
0.65 1.75 0.00582909
0.65 1.85 0.0021469
0.65 1.95 0.00620316
0.65 2.05 0.00113984
0.65 2.15 0.00580901
0.65 2.25 -0.00305155
0.65 2.35 -0.00166823
0.65 2.45 -0.0229235
0.65 2.55 -0.0330275
0.65 2.65 -0.0698706
0.65 2.75 -0.0723121
0.65 2.85 -0.0891085
0.65 2.95 -0.0487029

0.75 0.05 0.00442134
0.75 0.15 0.00451001
0.75 0.25 0.00433367
0.75 0.35 0.00460535
0.75 0.45 0.00423976
0.75 0.55 0.00471344
0.75 0.65 0.00413138
0.75 0.75 0.00483991
0.75 0.85 0.00399679
0.75 0.95 0.00498895
0.75 1.05 0.00381758
0.75 1.15 0.00516195
0.75 1.25 0.00356497
0.75 1.35 0.00535807
0.75 1.45 0.00319939
0.75 1.55 0.00558633
0.75 1.65 0.00268699
0.75 1.75 0.00591179
0.75 1.85 0.00205316
0.75 1.95 0.00654192
0.75 2.05 0.00137259
0.75 2.15 0.00757474
0.75 2.25 -0.000394742
0.75 2.35 0.00617232
0.75 2.45 -0.010745
0.75 2.55 -0.00867043
0.75 2.65 -0.038347
0.75 2.75 -0.0212842
0.75 2.85 -0.0243815
0.75 2.95 0.052475

0.85 0.05 0.00441926
0.85 0.15 0.00450771
0.85 0.25 0.00433093
0.85 0.35 0.00460194
0.85 0.45 0.00423525
0.85 0.55 0.00470743
0.85 0.65 0.00412307
0.85 0.75 0.00482854
0.85 0.85 0.00398087
0.85 0.95 0.00496691
0.85 1.05 0.00378665
0.85 1.15 0.00511862
0.85 1.25 0.00350411
0.85 1.35 0.00527161
0.85 1.45 0.00307729
0.85 1.55 0.00540973
0.85 1.65 0.00243445
0.85 1.75 0.00554257
0.85 1.85 0.00152455
0.85 1.95 0.00580104
0.85 2.05 0.000405011
0.85 2.15 0.00656623
0.85 2.25 -0.000960203
0.85 2.35 0.00767877
0.85 2.45 -0.00516719
0.85 2.55 0.00495557
0.85 2.65 -0.0179715
0.85 2.75 0.00628827
0.85 2.85 0.00752521
0.85 2.95 0.112629

0.95 0.05 0.00442052
0.95 0.15 0.00450833
0.95 0.25 0.0043338
0.95 0.35 0.00460353
0.95 0.45 0.00424168
0.95 0.55 0.00471222
0.95 0.65 0.00413596
0.95 0.75 0.00483995
0.95 0.85 0.00400413
0.95 0.95 0.00498901
0.95 1.05 0.00382323
0.95 1.15 0.00515232
0.95 1.25 0.00354812
0.95 1.35 0.00530184
0.95 1.45 0.00309076
0.95 1.55 0.00536917
0.95 1.65 0.00228275
0.95 1.75 0.00520905
0.95 1.85 0.000796134
0.95 1.95 0.00452799
0.95 2.05 -0.00197794
0.95 2.15 0.00300004
0.95 2.25 -0.00630978
0.95 2.35 0.00290793
0.95 2.45 -0.0066513
0.95 2.55 0.0186731
0.95 2.65 0.01636
0.95 2.75 0.0965372
0.95 2.85 0.155412
0.95 2.95 0.444071

