0.0625 4.77325
0.1875 4.77653
0.3125 4.77729
0.4375 4.77766
0.5625 4.77789
0.6875 4.77805
0.8125 4.77817
0.9375 4.77827
1.0625 4.77835
1.1875 4.77841
1.3125 4.77846
1.4375 4.77851
1.5625 4.77855
1.6875 4.77859
1.8125 4.77862
1.9375 4.77865
2.0625 4.77867
2.1875 4.7787
2.3125 4.77872
2.4375 4.77874
2.5625 4.77876
2.6875 4.77877
2.8125 4.77879
2.9375 4.7788
3.0625 4.77882
3.1875 4.77883
3.3125 4.77884
3.4375 4.77885
3.5625 4.77886
3.6875 4.77887
3.8125 4.77888
3.9375 4.77889
4.0625 4.77889
4.1875 4.7789
4.3125 4.77891
4.4375 4.77892
4.5625 4.77892
4.6875 4.77893
4.8125 4.77894
4.9375 4.77894
5.0625 4.77895
5.1875 4.77895
5.3125 4.77896
5.4375 4.77896
5.5625 4.77897
5.6875 4.77897
5.8125 4.77898
5.9375 4.77898
6.0625 4.77899
6.1875 4.77899
6.3125 4.77899
6.4375 4.779
6.5625 4.779
6.6875 4.77901
6.8125 4.77901
6.9375 4.77901
7.0625 4.77902
7.1875 4.77902
7.3125 4.77903
7.4375 4.77903
7.5625 4.77903
7.6875 4.77904
7.8125 4.77904
7.9375 4.77904
8.0625 4.77905
8.1875 4.77905
8.3125 4.77905
8.4375 4.77906
8.5625 4.77906
8.6875 4.77906
8.8125 4.77907
8.9375 4.77907
9.0625 4.77907
9.1875 4.77908
9.3125 4.77908
9.4375 4.77908
9.5625 4.77908
9.6875 4.77909
9.8125 4.77909
9.9375 4.77909
10.0625 4.7791
10.1875 4.7791
10.3125 4.7791
10.4375 4.7791
10.5625 4.77911
10.6875 4.77911
10.8125 4.77911
10.9375 4.77912
11.0625 4.77912
11.1875 4.77912
11.3125 4.77912
11.4375 4.77913
11.5625 4.77913
11.6875 4.77913
11.8125 4.77913
11.9375 4.77914
12.0625 4.77914
12.1875 4.77914
12.3125 4.77914
12.4375 4.77915
12.5625 4.77915
12.6875 4.77915
12.8125 4.77915
12.9375 4.77916
13.0625 4.77916
13.1875 4.77916
13.3125 4.77916
13.4375 4.77916
13.5625 4.77917
13.6875 4.77917
13.8125 4.77917
13.9375 4.77917
14.0625 4.77917
14.1875 4.77918
14.3125 4.77918
14.4375 4.77918
14.5625 4.77918
14.6875 4.77919
14.8125 4.77919
14.9375 4.77919
15.0625 4.77919
15.1875 4.77919
15.3125 4.77919
15.4375 4.7792
15.5625 4.7792
15.6875 4.7792
15.8125 4.7792
15.9375 4.7792
16.0625 4.77921
16.1875 4.77921
16.3125 4.77921
16.4375 4.77921
16.5625 4.77921
16.6875 4.77922
16.8125 4.77922
16.9375 4.77922
17.0625 4.77922
17.1875 4.77922
17.3125 4.77922
17.4375 4.77923
17.5625 4.77923
17.6875 4.77923
17.8125 4.77923
17.9375 4.77923
18.0625 4.77923
18.1875 4.77923
18.3125 4.77924
18.4375 4.77924
18.5625 4.77924
18.6875 4.77924
18.8125 4.77924
18.9375 4.77924
19.0625 4.77925
19.1875 4.77925
19.3125 4.77925
19.4375 4.77925
19.5625 4.77925
19.6875 4.77925
19.8125 4.77925
19.9375 4.77926
20.0625 4.77926
20.1875 4.77926
20.3125 4.77926
20.4375 4.77926
20.5625 4.77926
20.6875 4.77926
20.8125 4.77926
20.9375 4.77927
21.0625 4.77927
21.1875 4.77927
21.3125 4.77927
21.4375 4.77927
21.5625 4.77927
21.6875 4.77927
21.8125 4.77927
21.9375 4.77928
22.0625 4.77928
22.1875 4.77928
22.3125 4.77928
22.4375 4.77928
22.5625 4.77928
22.6875 4.77928
22.8125 4.77928
22.9375 4.77929
23.0625 4.77929
23.1875 4.77929
23.3125 4.77929
23.4375 4.77929
23.5625 4.77929
23.6875 4.77929
23.8125 4.77929
23.9375 4.77929
24.0625 4.77929
24.1875 4.7793
24.3125 4.7793
24.4375 4.7793
24.5625 4.7793
24.6875 4.7793
24.8125 4.7793
24.9375 4.7793
