0 4.7793
0.0125 4.50284
0.025 4.24021
0.0375 3.99104
0.05 3.75498
0.0625 3.53168
0.075 3.32078
0.0875 3.12193
0.1 2.93478
0.1125 2.75897
0.125 2.59414
0.1375 2.43994
0.15 2.29602
0.1625 2.16203
0.175 2.0376
0.1875 1.92238
0.2 1.81603
0.2125 1.71818
0.225 1.62848
0.2375 1.54658
0.25 1.47212
0.2625 1.40475
0.275 1.34411
0.2875 1.28985
0.3 1.24161
0.3125 1.19904
0.325 1.16179
0.3375 1.12951
0.35 1.10182
0.3625 1.0784
0.375 1.05886
0.3875 1.04288
0.4 1.03008
0.4125 1.02012
0.425 1.01264
0.4375 1.00728
0.45 1.0037
0.4625 1.00153
0.475 1.00043
0.4875 1.00004
0.5 1
0.5125 0.999961
0.525 0.999568
0.5375 0.998465
0.55 0.9963
0.5625 0.992717
0.575 0.987362
0.5875 0.979881
0.6 0.969919
0.6125 0.957122
0.625 0.941135
0.6375 0.921605
0.65 0.898176
0.6625 0.870494
0.675 0.838206
0.6875 0.800956
0.7 0.75839
0.7125 0.710154
0.725 0.655894
0.7375 0.595255
0.75 0.527882
0.7625 0.453421
0.775 0.371519
0.7875 0.28182
0.8 0.18397
0.8125 0.0776153
0.825 -0.0375992
0.8375 -0.162028
0.85 -0.296024
0.8625 -0.439944
0.875 -0.59414
0.8875 -0.758968
0.9 -0.934781
0.9125 -1.12193
0.925 -1.32078
0.9375 -1.53168
0.95 -1.75498
0.9625 -1.99104
0.975 -2.24021
0.9875 -2.50284
1 -2.7793
