0.025 -7.97107e-07
0.075 -1.23199e-06
0.125 -4.12951e-07
0.175 1.7449e-06
0.225 5.46404e-06
0.275 1.09331e-05
0.325 1.85883e-05
0.375 2.87438e-05
0.425 4.21023e-05
0.475 5.91006e-05
0.525 8.07499e-05
0.575 0.000107568
0.625 0.000140896
0.675 0.000181213
0.725 0.000230153
0.775 0.000287896
0.825 0.000356215
0.875 0.000434474
0.925 0.00052422
0.975 0.000623058
1.025 0.000731585
1.075 0.000844047
1.125 0.000958796
1.175 0.0010641
1.225 0.00115397
1.275 0.0012066
1.325 0.00120839
1.375 0.00112141
1.425 0.000919727
1.475 0.00054049
1.525 -6.08239e-05
1.575 -0.000984027
1.625 -0.00229997
1.675 -0.00416098
1.725 -0.00667212
1.775 -0.0100562
1.825 -0.0144561
1.875 -0.0201798
1.925 -0.0273943
1.975 -0.0364836
2.025 -0.0475711
2.075 -0.0610338
2.125 -0.0767512
2.175 -0.0948431
2.225 -0.114516
2.275 -0.135164
2.325 -0.154726
2.375 -0.171478
2.425 -0.181936
2.475 -0.183853
2.525 -0.173686
2.575 -0.150833
2.625 -0.114148
2.675 -0.0658615
2.725 -0.00649518
2.775 0.0651177
2.825 0.157419
2.875 0.294126
2.925 0.505195
2.975 0.819797
