0.00625 -4.33771e-07
0.01875 -1.20199e-06
0.03125 -1.87341e-06
0.04375 -2.44872e-06
0.05625 -2.92985e-06
0.06875 -3.31707e-06
0.08125 -3.61163e-06
0.09375 -3.81329e-06
0.10625 -3.92254e-06
0.11875 -3.93856e-06
0.13125 -3.86103e-06
0.14375 -3.68849e-06
0.15625 -3.41977e-06
0.16875 -3.05273e-06
0.18125 -2.58534e-06
0.19375 -2.01469e-06
0.20625 -1.3379e-06
0.21875 -5.51275e-07
0.23125 3.48985e-07
0.24375 1.36739e-06
0.25625 2.50866e-06
0.26875 3.77817e-06
0.28125 5.18157e-06
0.29375 6.72516e-06
0.30625 8.41555e-06
0.31875 1.026e-05
0.33125 1.2266e-05
0.34375 1.4442e-05
0.35625 1.67964e-05
0.36875 1.93385e-05
0.38125 2.20779e-05
0.39375 2.50251e-05
0.40625 2.81906e-05
0.41875 3.15858e-05
0.43125 3.52226e-05
0.44375 3.91135e-05
0.45625 4.32712e-05
0.46875 4.77095e-05
0.48125 5.24424e-05
0.49375 5.74845e-05
0.50625 6.2851e-05
0.51875 6.85577e-05
0.53125 7.46208e-05
0.54375 8.10573e-05
0.55625 8.78845e-05
0.56875 9.51203e-05
0.58125 0.000102783
0.59375 0.000110892
0.60625 0.000119466
0.61875 0.000128525
0.63125 0.000138089
0.64375 0.000148179
0.65625 0.000158815
0.66875 0.000170019
0.68125 0.000181813
0.69375 0.000194217
0.70625 0.000207254
0.71875 0.000220945
0.73125 0.000235312
0.74375 0.000250376
0.75625 0.00026616
0.76875 0.000282683
0.78125 0.000299967
0.79375 0.000318032
0.80625 0.000336896
0.81875 0.000356579
0.83125 0.000377098
0.84375 0.000398468
0.85625 0.000420706
0.86875 0.000443823
0.88125 0.000467832
0.89375 0.000492741
0.90625 0.000518558
0.91875 0.000545287
0.93125 0.000572928
0.94375 0.000601481
0.95625 0.00063094
0.96875 0.000661294
0.98125 0.000692529
0.99375 0.000724628
1.00625 0.000757564
1.01875 0.000791309
1.03125 0.000825826
1.04375 0.00086107
1.05625 0.000896992
1.06875 0.000933531
1.08125 0.00097062
1.09375 0.00100818
1.10625 0.00104613
1.11875 0.00108435
1.13125 0.00112275
1.14375 0.0011612
1.15625 0.00119956
1.16875 0.00123768
1.18125 0.00127538
1.19375 0.00131249
1.20625 0.00134878
1.21875 0.00138405
1.23125 0.00141805
1.24375 0.0014505
1.25625 0.00148112
1.26875 0.00150958
1.28125 0.00153554
1.29375 0.00155864
1.30625 0.00157846
1.31875 0.00159457
1.33125 0.0016065
1.34375 0.00161375
1.35625 0.00161576
1.36875 0.00161196
1.38125 0.00160171
1.39375 0.00158433
1.40625 0.00155912
1.41875 0.00152529
1.43125 0.00148203
1.44375 0.00142844
1.45625 0.0013636
1.46875 0.0012865
1.48125 0.00119607
1.49375 0.00109118
1.50625 0.00097062
1.51875 0.000833119
1.53125 0.000677317
1.54375 0.000501773
1.55625 0.000304963
1.56875 8.5273e-05
1.58125 -0.000159002
1.59375 -0.000429667
1.60625 -0.000728624
1.61875 -0.00105788
1.63125 -0.00141956
1.64375 -0.00181589
1.65625 -0.00224922
1.66875 -0.00272201
1.68125 -0.00323687
1.69375 -0.00379651
1.70625 -0.0044038
1.71875 -0.00506173
1.73125 -0.00577343
1.74375 -0.00654219
1.75625 -0.00737143
1.76875 -0.00826474
1.78125 -0.00922583
1.79375 -0.0102586
1.80625 -0.0113671
1.81875 -0.0125554
1.83125 -0.013828
1.84375 -0.0151894
1.85625 -0.0166441
1.86875 -0.0181969
1.88125 -0.0198528
1.89375 -0.0216167
1.90625 -0.0234938
1.91875 -0.0254893
1.93125 -0.0276085
1.94375 -0.0298566
1.95625 -0.032239
1.96875 -0.0347609
1.98125 -0.0374276
1.99375 -0.0402441
2.00625 -0.0432154
2.01875 -0.046346
2.03125 -0.0496402
2.04375 -0.053102
2.05625 -0.0567346
2.06875 -0.0605409
2.08125 -0.0645227
2.09375 -0.0686811
2.10625 -0.0730162
2.11875 -0.0775268
2.13125 -0.0822103
2.14375 -0.0870627
2.15625 -0.0920779
2.16875 -0.0972482
2.18125 -0.102564
2.19375 -0.108012
2.20625 -0.113577
2.21875 -0.119243
2.23125 -0.124988
2.24375 -0.130787
2.25625 -0.136615
2.26875 -0.14244
2.28125 -0.148229
2.29375 -0.153943
2.30625 -0.159542
2.31875 -0.164981
2.33125 -0.170213
2.34375 -0.175189
2.35625 -0.179854
2.36875 -0.184155
2.38125 -0.188036
2.39375 -0.19144
2.40625 -0.19431
2.41875 -0.19659
2.43125 -0.198226
2.44375 -0.199165
2.45625 -0.199361
2.46875 -0.198767
2.48125 -0.197347
2.49375 -0.195066
2.50625 -0.191899
2.51875 -0.187826
2.53125 -0.182836
2.54375 -0.176924
2.55625 -0.170094
2.56875 -0.162358
2.58125 -0.153735
2.59375 -0.144246
2.60625 -0.133924
2.61875 -0.1228
2.63125 -0.110913
2.64375 -0.098296
2.65625 -0.0849889
2.66875 -0.071018
2.68125 -0.0564154
2.69375 -0.0411893
2.70625 -0.0253515
2.71875 -0.0088775
2.73125 0.00825624
2.74375 0.0261262
2.75625 0.0448112
2.76875 0.0644637
2.78125 0.0852412
2.79375 0.107399
2.80625 0.131199
2.81875 0.157024
2.83125 0.185252
2.84375 0.216404
2.85625 0.250963
2.86875 0.289552
2.88125 0.332691
2.89375 0.380998
2.90625 0.434871
2.91875 0.494721
2.93125 0.560554
2.94375 0.632278
2.95625 0.709179
2.96875 0.790353
2.98125 0.874113
2.99375 0.958636
