0.0125 -7.65552e-07
0.0375 -1.92417e-06
0.0625 -2.72271e-06
0.0875 -3.15977e-06
0.1125 -3.23959e-06
0.1375 -2.95218e-06
0.1625 -2.29064e-06
0.1875 -1.23471e-06
0.2125 2.35168e-07
0.2375 2.15087e-06
0.2625 4.54563e-06
0.2875 7.46407e-06
0.3125 1.0954e-05
0.3375 1.5074e-05
0.3625 1.98872e-05
0.3875 2.54671e-05
0.4125 3.18931e-05
0.4375 3.92545e-05
0.4625 4.76476e-05
0.4875 5.71779e-05
0.5125 6.79588e-05
0.5375 8.0112e-05
0.5625 9.37675e-05
0.5875 0.000109062
0.6125 0.000126142
0.6375 0.000145155
0.6625 0.00016626
0.6875 0.000189614
0.7125 0.000215381
0.7375 0.000243721
0.7625 0.000274795
0.7875 0.000308754
0.8125 0.000345744
0.8375 0.000385892
0.8625 0.000429311
0.8875 0.00047608
0.9125 0.000526254
0.9375 0.000579836
0.9625 0.000636789
0.9875 0.000696999
1.0125 0.000760288
1.0375 0.000826374
1.0625 0.000894883
1.0875 0.00096529
1.1125 0.00103695
1.1375 0.00110901
1.1625 0.00118045
1.1875 0.00124998
1.2125 0.00131609
1.2375 0.00137691
1.2625 0.00143029
1.2875 0.00147362
1.3125 0.00150391
1.3375 0.0015176
1.3625 0.00151066
1.3875 0.00147833
1.4125 0.00141529
1.4375 0.00131526
1.4625 0.00117132
1.4875 0.000975373
1.5125 0.00071854
1.5375 0.000390486
1.5625 -2.00062e-05
1.5875 -0.000525946
1.6125 -0.00114133
1.6375 -0.00188232
1.6625 -0.00276617
1.6875 -0.00381272
1.7125 -0.00504292
1.7375 -0.00648083
1.7625 -0.00815149
1.7875 -0.0100836
1.8125 -0.0123067
1.8375 -0.0148542
1.8625 -0.0177599
1.8875 -0.0210621
1.9125 -0.0247978
1.9375 -0.0290087
1.9625 -0.0337333
1.9875 -0.0390139
2.0125 -0.0448859
2.0375 -0.0513869
2.0625 -0.0585411
2.0875 -0.0663719
2.1125 -0.07488
2.1375 -0.0840593
2.1625 -0.093869
2.1875 -0.104253
2.2125 -0.115105
2.2375 -0.126297
2.2625 -0.137632
2.2875 -0.148887
2.3125 -0.159761
2.3375 -0.169931
2.3625 -0.178998
2.3875 -0.186563
2.4125 -0.192172
2.4375 -0.195416
2.4625 -0.19587
2.4875 -0.193209
2.5125 -0.187147
2.5375 -0.17754
2.5625 -0.164323
2.5875 -0.147573
2.6125 -0.127459
2.6375 -0.104213
2.6625 -0.0781387
2.6875 -0.049413
2.7125 -0.0182378
2.7375 0.0156494
2.7625 0.0525755
2.7875 0.0938793
2.8125 0.141082
2.8375 0.197415
2.8625 0.266119
2.8875 0.35235
2.9125 0.45966
2.9375 0.591688
2.9625 0.745951
2.9875 0.915867
