0.1 0.05  0.855
0.1 0.15  2.295
0.1 0.25  3.375
0.1 0.35  4.095
0.1 0.45  4.455
0.1 0.55  4.455
0.1 0.65  4.095
0.1 0.75  3.375
0.1 0.85  2.295
0.1 0.95  0.854999999999999

0.3 0.05  0.855
0.3 0.15  2.295
0.3 0.25  3.375
0.3 0.35  4.095
0.3 0.45  4.455
0.3 0.55  4.455
0.3 0.65  4.095
0.3 0.75  3.375
0.3 0.85  2.295
0.3 0.95  0.854999999999999

0.5 0.05  0.855
0.5 0.15  2.295
0.5 0.25  3.375
0.5 0.35  4.095
0.5 0.45  4.455
0.5 0.55  4.455
0.5 0.65  4.095
0.5 0.75  3.375
0.5 0.85  2.295
0.5 0.95  0.854999999999999

0.7 0.05  0.855
0.7 0.15  2.295
0.7 0.25  3.375
0.7 0.35  4.095
0.7 0.45  4.455
0.7 0.55  4.455
0.7 0.65  4.095
0.7 0.75  3.375
0.7 0.85  2.295
0.7 0.95  0.854999999999999

0.9 0.05  0.855
0.9 0.15  2.295
0.9 0.25  3.375
0.9 0.35  4.095
0.9 0.45  4.455
0.9 0.55  4.455
0.9 0.65  4.095
0.9 0.75  3.375
0.9 0.85  2.295
0.9 0.95  0.854999999999999

1.1 0.05  0.855
1.1 0.15  2.295
1.1 0.25  3.375
1.1 0.35  4.095
1.1 0.45  4.455
1.1 0.55  4.455
1.1 0.65  4.095
1.1 0.75  3.375
1.1 0.85  2.295
1.1 0.95  0.854999999999999

1.3 0.05  0.855
1.3 0.15  2.295
1.3 0.25  3.375
1.3 0.35  4.095
1.3 0.45  4.455
1.3 0.55  4.455
1.3 0.65  4.095
1.3 0.75  3.375
1.3 0.85  2.295
1.3 0.95  0.854999999999999

1.5 0.05  0.855
1.5 0.15  2.295
1.5 0.25  3.375
1.5 0.35  4.095
1.5 0.45  4.455
1.5 0.55  4.455
1.5 0.65  4.095
1.5 0.75  3.375
1.5 0.85  2.295
1.5 0.95  0.854999999999999

1.7 0.05  0.855
1.7 0.15  2.295
1.7 0.25  3.375
1.7 0.35  4.095
1.7 0.45  4.455
1.7 0.55  4.455
1.7 0.65  4.095
1.7 0.75  3.375
1.7 0.85  2.295
1.7 0.95  0.854999999999999

1.9 0.05  0.855
1.9 0.15  2.295
1.9 0.25  3.375
1.9 0.35  4.095
1.9 0.45  4.455
1.9 0.55  4.455
1.9 0.65  4.095
1.9 0.75  3.375
1.9 0.85  2.295
1.9 0.95  0.854999999999999

2.1 0.05  0.855
2.1 0.15  2.295
2.1 0.25  3.375
2.1 0.35  4.095
2.1 0.45  4.455
2.1 0.55  4.455
2.1 0.65  4.095
2.1 0.75  3.375
2.1 0.85  2.295
2.1 0.95  0.854999999999999

2.3 0.05  0.855
2.3 0.15  2.295
2.3 0.25  3.375
2.3 0.35  4.095
2.3 0.45  4.455
2.3 0.55  4.455
2.3 0.65  4.095
2.3 0.75  3.375
2.3 0.85  2.295
2.3 0.95  0.854999999999999

2.5 0.05  0.855
2.5 0.15  2.295
2.5 0.25  3.375
2.5 0.35  4.095
2.5 0.45  4.455
2.5 0.55  4.455
2.5 0.65  4.095
2.5 0.75  3.375
2.5 0.85  2.295
2.5 0.95  0.854999999999999

2.7 0.05  0.855
2.7 0.15  2.295
2.7 0.25  3.375
2.7 0.35  4.095
2.7 0.45  4.455
2.7 0.55  4.455
2.7 0.65  4.095
2.7 0.75  3.375
2.7 0.85  2.295
2.7 0.95  0.854999999999999

2.9 0.05  0.855
2.9 0.15  2.295
2.9 0.25  3.375
2.9 0.35  4.095
2.9 0.45  4.455
2.9 0.55  4.455
2.9 0.65  4.095
2.9 0.75  3.375
2.9 0.85  2.295
2.9 0.95  0.854999999999999

3.1 0.05  0.855
3.1 0.15  2.295
3.1 0.25  3.375
3.1 0.35  4.095
3.1 0.45  4.455
3.1 0.55  4.455
3.1 0.65  4.095
3.1 0.75  3.375
3.1 0.85  2.295
3.1 0.95  0.854999999999999

3.3 0.05  0.855
3.3 0.15  2.295
3.3 0.25  3.375
3.3 0.35  4.095
3.3 0.45  4.455
3.3 0.55  4.455
3.3 0.65  4.095
3.3 0.75  3.375
3.3 0.85  2.295
3.3 0.95  0.854999999999999

3.5 0.05  0.855
3.5 0.15  2.295
3.5 0.25  3.375
3.5 0.35  4.095
3.5 0.45  4.455
3.5 0.55  4.455
3.5 0.65  4.095
3.5 0.75  3.375
3.5 0.85  2.295
3.5 0.95  0.854999999999999

3.7 0.05  0.855
3.7 0.15  2.295
3.7 0.25  3.375
3.7 0.35  4.095
3.7 0.45  4.455
3.7 0.55  4.455
3.7 0.65  4.095
3.7 0.75  3.375
3.7 0.85  2.295
3.7 0.95  0.854999999999999

3.9 0.05  0.855
3.9 0.15  2.295
3.9 0.25  3.375
3.9 0.35  4.095
3.9 0.45  4.455
3.9 0.55  4.455
3.9 0.65  4.095
3.9 0.75  3.375
3.9 0.85  2.295
3.9 0.95  0.854999999999999

4.1 0.05  0.855
4.1 0.15  2.295
4.1 0.25  3.375
4.1 0.35  4.095
4.1 0.45  4.455
4.1 0.55  4.455
4.1 0.65  4.095
4.1 0.75  3.375
4.1 0.85  2.295
4.1 0.95  0.854999999999999

4.3 0.05  0.855
4.3 0.15  2.295
4.3 0.25  3.375
4.3 0.35  4.095
4.3 0.45  4.455
4.3 0.55  4.455
4.3 0.65  4.095
4.3 0.75  3.375
4.3 0.85  2.295
4.3 0.95  0.854999999999999

4.5 0.05  0.855
4.5 0.15  2.295
4.5 0.25  3.375
4.5 0.35  4.095
4.5 0.45  4.455
4.5 0.55  4.455
4.5 0.65  4.095
4.5 0.75  3.375
4.5 0.85  2.295
4.5 0.95  0.854999999999999

4.7 0.05  0.855
4.7 0.15  2.295
4.7 0.25  3.375
4.7 0.35  4.095
4.7 0.45  4.455
4.7 0.55  4.455
4.7 0.65  4.095
4.7 0.75  3.375
4.7 0.85  2.295
4.7 0.95  0.854999999999999

4.9 0.05  0.855
4.9 0.15  2.295
4.9 0.25  3.375
4.9 0.35  4.095
4.9 0.45  4.455
4.9 0.55  4.455
4.9 0.65  4.095
4.9 0.75  3.375
4.9 0.85  2.295
4.9 0.95  0.854999999999999

