0 1.12897
0.0125 1.1262
0.025 1.12358
0.0375 1.12109
0.05 1.11873
0.0625 1.1165
0.075 1.11439
0.0875 1.11241
0.1 1.11054
0.1125 1.10878
0.125 1.10712
0.1375 1.10557
0.15 1.1041
0.1625 1.10271
0.175 1.1014
0.1875 1.10014
0.2 1.09894
0.2125 1.09776
0.225 1.09661
0.2375 1.09545
0.25 1.09428
0.2625 1.09307
0.275 1.09181
0.2875 1.09047
0.3 1.08903
0.3125 1.08746
0.325 1.08575
0.3375 1.08387
0.35 1.08181
0.3625 1.07953
0.375 1.07701
0.3875 1.07425
0.4 1.07121
0.4125 1.06789
0.425 1.06427
0.4375 1.06034
0.45 1.05609
0.4625 1.05153
0.475 1.04664
0.4875 1.04143
0.5 1.03591
0.5125 1.03009
0.525 1.02398
0.5375 1.0176
0.55 1.01097
0.5625 1.00411
0.575 0.997057
0.5875 0.989831
0.6 0.982467
0.6125 0.974998
0.625 0.967461
0.6375 0.959891
0.65 0.952323
0.6625 0.944795
0.675 0.937342
0.6875 0.929997
0.7 0.922795
0.7125 0.915764
0.725 0.908933
0.7375 0.902328
0.75 0.89597
0.7625 0.889876
0.775 0.884062
0.7875 0.878538
0.8 0.87331
0.8125 0.868379
0.825 0.863745
0.8375 0.859399
0.85 0.855332
0.8625 0.85153
0.875 0.847974
0.8875 0.844643
0.9 0.841511
0.9125 0.83855
0.925 0.835728
0.9375 0.833013
0.95 0.830368
0.9625 0.827754
0.975 0.825131
0.9875 0.822456
1 0.819686
