0.005 -2.42604146937056e-09
0.015 -5.95918387493659e-09
0.025 -1.44514313004641e-08
0.035 -3.4903429790673e-08
0.045 -8.40224044897914e-08
0.055 -2.01491184813481e-07
0.065 -4.80951023092644e-07
0.075 -1.1416941217327e-06
0.085 -2.69295427372558e-06
0.095 -6.30686477586795e-06
0.105 -1.4658493543168e-05
0.115 -3.38091009834622e-05
0.125 -7.7431991155436e-05
0.135 -0.000176370212371883
0.145 -0.000400591805522092
0.155 -0.000910912723372918
0.165 -0.00208367877475939
0.175 -0.00481758898625009
0.185 -0.0113194915460465
0.195 -0.0270847070733356
0.205 -0.0659483358415966
0.215 -0.163849704541014
0.225 -0.407360429966699
0.235 -0.732652704472257
0.245 -0.989030806569895
0.255 -0.99999998578813
0.265 -0.999999985679113
0.275 -0.999999985240033
0.285 -0.999999983854378
0.295 -0.999999979844544
0.305 -0.999999968872978
0.315 -0.999999939147026
0.325 -0.999999859675412
0.335 -0.999999647272716
0.345 -0.999999081874213
0.355 -0.999997578011519
0.365 -0.999993587106336
0.375 -0.999983017492326
0.385 -0.999955093067261
0.395 -0.999881506632177
0.405 -0.999688105514036
0.415 -0.999181043212063
0.425 -0.997854683140373
0.435 -0.994393211835058
0.445 -0.98536895694355
0.455 -0.961925081222139
0.465 -0.900906207244243
0.475 -0.74140703337965
0.485 -0.319366601263271
0.495 0.400323115390291
0.505 0.981371585414323
0.515 0.999999994306855
0.525 0.999999994264206
0.535 0.999999994094341
0.545 0.99999999356687
0.555 0.999999992070933
0.565 0.99999998807386
0.575 0.999999977515475
0.585 0.999999950033548
0.595 0.999999878527084
0.605 0.999999693183749
0.615 0.99999921258467
0.625 0.999997967240873
0.635 0.999994739704576
0.645 0.99998637516247
0.655 0.999964695396817
0.665 0.999908499650245
0.675 0.999762837164933
0.685 0.999385218268515
0.695 0.998406007825258
0.705 0.995870255065529
0.715 0.989287347109681
0.725 0.972244106639511
0.735 0.927951944227309
0.745 0.812912975268837
0.755 0.523827278263788
0.765 0.152072467276768
0.775 -9.62346827103139e-17
0.785 -9.66003396908798e-17
0.795 -9.67152900940823e-17
0.805 -9.85222266205779e-17
0.815 -1.03599185679886e-16
0.825 -1.19956055247057e-16
0.835 -1.60553158989976e-16
0.845 -2.64711935102281e-16
0.855 -5.16757237513329e-16
0.865 -1.13062529002942e-15
0.875 -2.59693214110294e-15
0.885 -6.11056279198846e-15
0.895 -1.44750204352424e-14
0.905 -3.44231200065384e-14
0.915 -8.19356396700507e-14
0.925 -1.9531162358179e-13
0.935 -4.66195654096818e-13
0.945 -1.11511181323642e-12
0.955 -2.67422802565592e-12
0.965 -6.43441300167906e-12
0.975 -1.5542151656441e-11
0.985 -3.77099153315353e-11
0.995 -9.16148425329641e-10
