0.005 -0.0726239338310312
0.015 -0.045401035056021
0.025 -0.0138974977662506
0.035 0.0192598854151106
0.045 0.0509779734532429
0.055 0.0780622315732747
0.065 0.0976057884447062
0.075 0.107350513362737
0.085 0.105971139422506
0.095 0.0932433666319162
0.105 0.0700722766275142
0.115 0.0383761654143616
0.125 0.000840436084919656
0.135 -0.0394262512398844
0.145 -0.0792882648944477
0.155 -0.115979577393256
0.165 -0.147448842793998
0.175 -0.172608623642455
0.185 -0.191457804661774
0.195 -0.205063606851658
0.205 -0.215408474028798
0.215 -0.225124773498634
0.225 -0.237154291647106
0.235 -0.254378053493402
0.245 -0.279264032984988
0.255 -0.313575796769776
0.265 -0.35817493532274
0.275 -0.412935965223433
0.285 -0.476776430163169
0.295 -0.547789548744321
0.305 -0.623454126883022
0.315 -0.700888236830479
0.325 -0.777110292569081
0.335 -0.849273707657645
0.345 -0.91484857305787
0.355 -0.971734337660933
0.365 -1.0182994912866
0.375 -1.05335579871553
0.385 -1.07608396265597
0.395 -1.08593340472272
0.405 -1.08252048007157
0.415 -1.06554692011709
0.425 -1.03475432452458
0.435 -0.989922305782727
0.445 -0.930908924417301
0.455 -0.857723870858922
0.465 -0.770618766667307
0.475 -0.670175873621982
0.485 -0.557376777184644
0.495 -0.433636048039545
0.505 -0.300790776671389
0.515 -0.161044154509206
0.525 -0.0168687025997223
0.535 0.129118879554308
0.545 0.274294939816612
0.555 0.416160196397381
0.565 0.552448351165085
0.575 0.681198940504944
0.585 0.800787068847577
0.595 0.909909406866019
0.605 1.00753258686315
0.615 1.0928158982476
0.625 1.16502415081401
0.635 1.22344818028999
0.645 1.26734950109254
0.655 1.29594219626509
0.665 1.30841972465154
0.675 1.30402762502752
0.685 1.28217597326754
0.695 1.24257882606438
0.705 1.18540263723641
0.715 1.11140248426871
0.725 1.02202438457904
0.735 0.919454212126319
0.745 0.806598621838257
0.755 0.686990507272195
0.765 0.564620124887966
0.775 0.443702165589405
0.785 0.32839766519375
0.795 0.222516635474465
0.805 0.129231698912366
0.815 0.0508340972206875
0.825 -0.0114391612986002
0.835 -0.0574845006124374
0.845 -0.0883042004400646
0.855 -0.105870525829735
0.865 -0.112892572375358
0.875 -0.112508788183395
0.885 -0.107937966394134
0.895 -0.102127831475374
0.905 -0.0974421388002629
0.915 -0.0954239617404602
0.925 -0.0966646768604868
0.935 -0.100795862823042
0.945 -0.106606294795422
0.955 -0.112270292348686
0.965 -0.115658944102769
0.975 -0.114694219309951
0.985 -0.107699381448273
0.995 -0.0936985408137254
