0.00625 0.0294357
0.01875 0.085737
0.03125 0.138755
0.04375 0.188658
0.05625 0.23561
0.06875 0.27977
0.08125 0.321294
0.09375 0.360332
0.10625 0.397029
0.11875 0.431529
0.13125 0.463968
0.14375 0.49448
0.15625 0.523192
0.16875 0.550228
0.18125 0.575709
0.19375 0.599749
0.20625 0.62246
0.21875 0.643947
0.23125 0.664312
0.24375 0.683653
0.25625 0.702063
0.26875 0.71963
0.28125 0.736439
0.29375 0.75257
0.30625 0.768097
0.31875 0.783091
0.33125 0.797619
0.34375 0.811744
0.35625 0.825522
0.36875 0.839007
0.38125 0.852247
0.39375 0.865287
0.40625 0.878166
0.41875 0.890921
0.43125 0.903581
0.44375 0.916174
0.45625 0.928722
0.46875 0.941243
0.48125 0.953749
0.49375 0.96625
0.50625 0.97875
0.51875 0.991249
0.53125 1.00374
0.54375 1.01622
0.55625 1.02867
0.56875 1.04108
0.58125 1.05342
0.59375 1.06567
0.60625 1.07779
0.61875 1.08975
0.63125 1.10151
0.64375 1.11302
0.65625 1.12424
0.66875 1.13512
0.68125 1.14559
0.69375 1.1556
0.70625 1.16507
0.71875 1.17394
0.73125 1.18213
0.74375 1.18956
0.75625 1.19615
0.76875 1.20181
0.78125 1.20645
0.79375 1.20996
0.80625 1.21225
0.81875 1.21321
0.83125 1.21273
0.84375 1.21069
0.85625 1.20698
0.86875 1.20147
0.88125 1.19403
0.89375 1.18453
0.90625 1.17283
0.91875 1.15879
0.93125 1.14227
0.94375 1.12311
0.95625 1.10116
0.96875 1.07625
0.98125 1.04824
0.99375 1.01694
