0.05 0.05 -9.36951e-08
0.05 0.15 -1.50455e-07
0.05 0.25 -8.14559e-08
0.05 0.35 -2.08122e-07
0.05 0.45 -5.43379e-08
0.05 0.55 -2.61995e-07
0.05 0.65 2.90609e-08
0.05 0.75 -2.30569e-07
0.05 0.85 3.0742e-07
0.05 0.95 5.22419e-08
0.05 1.05 1.02342e-06
0.05 1.15 8.09751e-07
0.05 1.25 2.38921e-06
0.05 1.35 1.89779e-06
0.05 1.45 3.68774e-06
0.05 1.55 9.46588e-07
0.05 1.65 8.43553e-08
0.05 1.75 -1.194e-05
0.05 1.85 -2.44274e-05
0.05 1.95 -6.25565e-05
0.05 2.05 -0.000101358
0.05 2.15 -0.000188797
0.05 2.25 -0.000250729
0.05 2.35 -0.00040454
0.05 2.45 -0.000431568
0.05 2.55 -0.00080661
0.05 2.65 -0.000829009
0.05 2.75 -0.00267646
0.05 2.85 -0.00263457
0.05 2.95 0.00787891

0.15 0.05 -1.63382e-07
0.15 0.15 -2.17198e-07
0.15 0.25 1.82555e-07
0.15 0.35 2.61945e-09
0.15 0.45 8.99013e-07
0.15 0.55 7.47807e-07
0.15 0.65 2.51475e-06
0.15 0.75 2.68622e-06
0.15 0.85 5.86223e-06
0.15 0.95 6.58023e-06
0.15 1.05 1.15305e-05
0.15 1.15 1.20519e-05
0.15 1.25 1.73931e-05
0.15 1.35 1.28591e-05
0.15 1.45 1.04944e-05
0.15 1.55 -1.65927e-05
0.15 1.65 -5.30974e-05
0.15 1.75 -0.000149318
0.15 1.85 -0.000279705
0.15 1.95 -0.000531227
0.15 2.05 -0.000827532
0.15 2.15 -0.00130266
0.15 2.25 -0.00169295
0.15 2.35 -0.00228793
0.15 2.45 -0.00231511
0.15 2.55 -0.0031743
0.15 2.65 -0.00265328
0.15 2.75 -0.00770262
0.15 2.85 -0.00583981
0.15 2.95 0.0284599

0.25 0.05 -1.30148e-07
0.25 0.15 4.60889e-08
0.25 0.25 1.1398e-06
0.25 0.35 1.43357e-06
0.25 0.45 3.93374e-06
0.25 0.55 5.02445e-06
0.25 0.65 1.00874e-05
0.25 0.75 1.29329e-05
0.25 0.85 2.18882e-05
0.25 0.95 2.67138e-05
0.25 1.05 3.92429e-05
0.25 1.15 4.16786e-05
0.25 1.25 4.93122e-05
0.25 1.35 2.88227e-05
0.25 1.45 -2.54266e-06
0.25 1.55 -0.000109896
0.25 1.65 -0.000275109
0.25 1.75 -0.000620849
0.25 1.85 -0.00111012
0.25 1.95 -0.00194295
0.25 2.05 -0.0029572
0.25 2.15 -0.00441496
0.25 2.25 -0.00569501
0.25 2.35 -0.007247
0.25 2.45 -0.00732007
0.25 2.55 -0.00823925
0.25 2.65 -0.005951
0.25 2.75 -0.0118769
0.25 2.85 -0.00446217
0.25 2.95 0.0615848

0.35 0.05 2.38077e-08
0.35 0.15 6.90788e-07
0.35 0.25 2.84426e-06
0.35 0.35 4.25692e-06
0.35 0.45 9.23536e-06
0.35 0.55 1.2961e-05
0.35 0.65 2.31385e-05
0.35 0.75 3.11475e-05
0.35 0.85 4.88748e-05
0.35 0.95 6.10004e-05
0.35 1.05 8.39904e-05
0.35 1.15 8.87462e-05
0.35 1.25 9.4945e-05
0.35 1.35 4.36778e-05
0.35 1.45 -4.69713e-05
0.35 1.55 -0.000297521
0.35 1.65 -0.000695317
0.35 1.75 -0.0014702
0.35 1.85 -0.0025806
0.35 1.95 -0.00439556
0.35 2.05 -0.0066402
0.35 2.15 -0.00976156
0.35 2.25 -0.0126116
0.35 2.35 -0.015779
0.35 2.45 -0.0160408
0.35 2.55 -0.0164795
0.35 2.65 -0.0108097
0.35 2.75 -0.0140465
0.35 2.85 0.00343914
0.35 2.95 0.107425

0.45 0.05 3.36252e-07
0.45 0.15 1.71773e-06
0.45 0.25 5.19927e-06
0.45 0.35 8.26298e-06
0.45 0.45 1.63565e-05
0.45 0.55 2.38332e-05
0.45 0.65 4.04139e-05
0.45 0.75 5.55095e-05
0.45 0.85 8.40422e-05
0.45 0.95 0.000105866
0.45 1.05 0.000141071
0.45 1.15 0.000148545
0.45 1.25 0.000150179
0.45 1.35 5.81277e-05
0.45 1.45 -0.000113456
0.45 1.55 -0.000549789
0.45 1.65 -0.00125374
0.45 1.75 -0.00258344
0.45 1.85 -0.00451192
0.45 1.95 -0.00761574
0.45 2.05 -0.0115294
0.45 2.15 -0.0169121
0.45 2.25 -0.0220387
0.45 2.35 -0.0274812
0.45 2.45 -0.0282452
0.45 2.55 -0.0275832
0.45 2.65 -0.0168095
0.45 2.75 -0.0137385
0.45 2.85 0.0180207
0.45 2.95 0.161635

0.55 0.05 6.62417e-07
0.55 0.15 2.82634e-06
0.55 0.25 7.68781e-06
0.55 0.35 1.26423e-05
0.55 0.45 2.40131e-05
0.55 0.55 3.5729e-05
0.55 0.65 5.90788e-05
0.55 0.75 8.20856e-05
0.55 0.85 0.000122054
0.55 0.95 0.000154677
0.55 1.05 0.00020277
0.55 1.15 0.000213704
0.55 1.25 0.000210377
0.55 1.35 7.56641e-05
0.55 1.45 -0.00018204
0.55 1.55 -0.000816002
0.55 1.65 -0.00184927
0.55 1.75 -0.00378223
0.55 1.85 -0.00661941
0.55 1.95 -0.0111878
0.55 2.05 -0.0170745
0.55 2.15 -0.0252174
0.55 2.25 -0.0333236
0.55 2.35 -0.0418371
0.55 2.45 -0.043722
0.55 2.55 -0.0417176
0.55 2.65 -0.0243243
0.55 2.75 -0.0113525
0.55 2.85 0.0387413
0.55 2.95 0.222697

0.65 0.05 9.50813e-07
0.65 0.15 3.83372e-06
0.65 0.25 9.89418e-06
0.65 0.35 1.66656e-05
0.65 0.45 3.0944e-05
0.65 0.55 4.67153e-05
0.65 0.65 7.61636e-05
0.65 0.75 0.00010677
0.65 0.85 0.000157257
0.65 0.95 0.000200614
0.65 1.05 0.000261212
0.65 1.15 0.00027757
0.65 1.25 0.000272547
0.65 1.35 0.000104763
0.65 1.45 -0.000223566
0.65 1.55 -0.00102519
0.65 1.65 -0.00234476
0.65 1.75 -0.00481648
0.65 1.85 -0.00849297
0.65 1.95 -0.0144664
0.65 2.05 -0.0223516
0.65 2.15 -0.0334335
0.65 2.25 -0.0449895
0.65 2.35 -0.0573083
0.65 2.45 -0.0612406
0.65 2.55 -0.0584092
0.65 2.65 -0.0338555
0.65 2.75 -0.00875249
0.65 2.85 0.0629937
0.65 2.95 0.286653

0.75 0.05 1.06839e-06
0.75 0.15 4.46514e-06
0.75 0.25 1.13381e-05
0.75 0.35 1.95516e-05
0.75 0.45 3.58926e-05
0.75 0.55 5.48802e-05
0.75 0.65 8.88113e-05
0.75 0.75 0.000125524
0.75 0.85 0.000184076
0.75 0.95 0.000236496
0.75 1.05 0.000307562
0.75 1.15 0.000330544
0.75 1.25 0.000327832
0.75 1.35 0.000141458
0.75 1.45 -0.000230534
0.75 1.55 -0.00114491
0.75 1.65 -0.00266177
0.75 1.75 -0.00552374
0.75 1.85 -0.0098296
0.75 1.95 -0.0169207
0.75 2.05 -0.0264987
0.75 2.15 -0.0402703
0.75 2.25 -0.0553153
0.75 2.35 -0.0719194
0.75 2.45 -0.07902
0.75 2.55 -0.076732
0.75 2.65 -0.0459969
0.75 2.75 -0.00817438
0.75 2.85 0.087676
0.75 2.95 0.350494

0.85 0.05 1.08716e-06
0.85 0.15 4.78772e-06
0.85 0.25 1.20133e-05
0.85 0.35 2.11707e-05
0.85 0.45 3.85013e-05
0.85 0.55 5.95615e-05
0.85 0.65 9.58315e-05
0.85 0.75 0.000136511
0.85 0.85 0.000199618
0.85 0.95 0.000258294
0.85 1.05 0.000336033
0.85 1.15 0.000365389
0.85 1.25 0.000366936
0.85 1.35 0.000176264
0.85 1.45 -0.000211876
0.85 1.55 -0.00117578
0.85 1.65 -0.00278368
0.85 1.75 -0.00583929
0.85 1.85 -0.0104693
0.85 1.95 -0.0181832
0.85 2.05 -0.0287754
0.85 2.15 -0.0443462
0.85 2.25 -0.0620451
0.85 2.35 -0.0824638
0.85 2.45 -0.0933173
0.85 2.55 -0.093345
0.85 2.65 -0.0593238
0.85 2.75 -0.0116778
0.85 2.85 0.106793
0.85 2.95 0.40505

0.95 0.05 1.04782e-06
0.95 0.15 4.87628e-06
0.95 0.25 1.2081e-05
0.95 0.35 2.16902e-05
0.95 0.45 3.90823e-05
0.95 0.55 6.10775e-05
0.95 0.65 9.77389e-05
0.95 0.75 0.000140166
0.95 0.85 0.000204382
0.95 0.95 0.000265964
0.95 1.05 0.000345825
0.95 1.15 0.000379084
0.95 1.25 0.000383171
0.95 1.35 0.00019525
0.95 1.45 -0.00019346
0.95 1.55 -0.00116357
0.95 1.65 -0.00278702
0.95 1.75 -0.00588253
0.95 1.85 -0.0105847
0.95 1.95 -0.0184646
0.95 2.05 -0.0293631
0.95 2.15 -0.0456042
0.95 2.25 -0.0645058
0.95 2.35 -0.0871052
0.95 2.45 -0.10082
0.95 2.55 -0.103774
0.95 2.65 -0.0697268
0.95 2.75 -0.0177352
0.95 2.85 0.115681
0.95 2.95 0.440432

