0.05 0.05 -1.8739e-06
0.05 0.15 -3.0091e-06
0.05 0.25 -1.62912e-06
0.05 0.35 -4.16244e-06
0.05 0.45 -1.08676e-06
0.05 0.55 -5.2399e-06
0.05 0.65 5.81217e-07
0.05 0.75 -4.61139e-06
0.05 0.85 6.14841e-06
0.05 0.95 1.04484e-06
0.05 1.05 2.04684e-05
0.05 1.15 1.6195e-05
0.05 1.25 4.77842e-05
0.05 1.35 3.79558e-05
0.05 1.45 7.37548e-05
0.05 1.55 1.89318e-05
0.05 1.65 1.68711e-06
0.05 1.75 -0.0002388
0.05 1.85 -0.000488547
0.05 1.95 -0.00125113
0.05 2.05 -0.00202716
0.05 2.15 -0.00377593
0.05 2.25 -0.00501459
0.05 2.35 -0.00809079
0.05 2.45 -0.00863136
0.05 2.55 -0.0161322
0.05 2.65 -0.0165802
0.05 2.75 -0.0535292
0.05 2.85 -0.0526914
0.05 2.95 0.157578

0.15 0.05 4.80171e-07
0.15 0.15 1.67424e-06
0.15 0.25 6.90933e-06
0.15 0.35 8.37728e-06
0.15 0.45 2.01538e-05
0.15 0.55 2.54359e-05
0.15 0.65 4.91325e-05
0.15 0.75 6.29471e-05
0.15 0.85 0.000104948
0.15 0.95 0.000129515
0.15 1.05 0.000189672
0.15 1.15 0.000208647
0.15 1.25 0.000252293
0.15 1.35 0.000181269
0.15 1.45 6.23778e-05
0.15 1.55 -0.000369717
0.15 1.65 -0.00106532
0.15 1.75 -0.00250875
0.15 1.85 -0.004617
0.15 1.95 -0.00812228
0.15 2.05 -0.0124963
0.15 2.15 -0.0185013
0.15 2.25 -0.0238298
0.15 2.35 -0.029577
0.15 2.45 -0.0290395
0.15 2.55 -0.0312215
0.15 2.65 -0.0199052
0.15 2.75 -0.046994
0.15 2.85 -0.0114134
0.15 2.95 0.254043

0.25 0.05 1.84504e-07
0.25 0.15 3.5915e-06
0.25 0.25 1.22356e-05
0.25 0.35 2.02417e-05
0.25 0.45 4.05408e-05
0.25 0.55 6.00969e-05
0.25 0.65 0.000102321
0.25 0.75 0.000141986
0.25 0.85 0.000215572
0.25 0.95 0.000273156
0.25 1.05 0.000364577
0.25 1.15 0.000383886
0.25 1.25 0.000386089
0.25 1.35 0.000138004
0.25 1.45 -0.000323118
0.25 1.55 -0.00149634
0.25 1.65 -0.00337491
0.25 1.75 -0.00692187
0.25 1.85 -0.0119913
0.25 1.95 -0.0201121
0.25 2.05 -0.0300971
0.25 2.15 -0.0437448
0.25 2.25 -0.0562113
0.25 2.35 -0.0696044
0.25 2.45 -0.0710596
0.25 2.55 -0.0700776
0.25 2.65 -0.0460492
0.25 2.75 -0.0364921
0.25 2.85 0.0389663
0.25 2.95 0.408454

0.35 0.05 2.89461e-06
0.35 0.15 9.30248e-06
0.35 0.25 2.18537e-05
0.35 0.35 3.62253e-05
0.35 0.45 6.54915e-05
0.35 0.55 9.86337e-05
0.35 0.65 0.000158701
0.35 0.75 0.000222308
0.35 0.85 0.000324159
0.35 0.95 0.000412577
0.35 1.05 0.000530372
0.35 1.15 0.000557466
0.35 1.25 0.000526567
0.35 1.35 0.000159098
0.35 1.45 -0.000565455
0.35 1.55 -0.00225617
0.35 1.65 -0.00502925
0.35 1.75 -0.0100652
0.35 1.85 -0.0174183
0.35 1.95 -0.0289402
0.35 2.05 -0.0435628
0.35 2.15 -0.0631872
0.35 2.25 -0.0821204
0.35 2.35 -0.101036
0.35 2.45 -0.103355
0.35 2.55 -0.0947278
0.35 2.65 -0.0511242
0.35 2.75 -0.00689947
0.35 2.85 0.11906
0.35 2.95 0.508345

0.45 0.05 3.35427e-06
0.45 0.15 1.12364e-05
0.45 0.25 2.52463e-05
0.45 0.35 4.38961e-05
0.45 0.45 7.69305e-05
0.45 0.55 0.00011881
0.45 0.65 0.000186807
0.45 0.75 0.000264931
0.45 0.85 0.00037919
0.45 0.95 0.000484735
0.45 1.05 0.000611236
0.45 1.15 0.000638516
0.45 1.25 0.000578121
0.45 1.35 0.000129899
0.45 1.45 -0.000764231
0.45 1.55 -0.00278919
0.45 1.65 -0.0061392
0.45 1.75 -0.0121996
0.45 1.85 -0.021208
0.45 1.95 -0.0354634
0.45 2.05 -0.0542203
0.45 2.15 -0.0798244
0.45 2.25 -0.106421
0.45 2.35 -0.133007
0.45 2.45 -0.140733
0.45 2.55 -0.127346
0.45 2.65 -0.0688733
0.45 2.75 0.0130597
0.45 2.85 0.172571
0.45 2.95 0.575855

0.55 0.05 3.16903e-06
0.55 0.15 1.09358e-05
0.55 0.25 2.45246e-05
0.55 0.35 4.36908e-05
0.55 0.45 7.62032e-05
0.55 0.55 0.000119108
0.55 0.65 0.000186492
0.55 0.75 0.000266592
0.55 0.85 0.000381054
0.55 0.95 0.00049148
0.55 1.05 0.000622742
0.55 1.15 0.000664655
0.55 1.25 0.000625835
0.55 1.35 0.000220828
0.55 1.45 -0.000607465
0.55 1.55 -0.00253506
0.55 1.65 -0.00577149
0.55 1.75 -0.0117761
0.55 1.85 -0.0209418
0.55 1.95 -0.0359771
0.55 2.05 -0.0566834
0.55 2.15 -0.0862816
0.55 2.25 -0.119277
0.55 2.35 -0.15411
0.55 2.45 -0.168803
0.55 2.55 -0.155341
0.55 2.65 -0.0814213
0.55 2.75 0.03466
0.55 2.85 0.241841
0.55 2.95 0.645388

0.65 0.05 2.59889e-06
0.65 0.15 9.21174e-06
0.65 0.25 1.96027e-05
0.65 0.35 3.67749e-05
0.65 0.45 6.24141e-05
0.65 0.55 0.000100617
0.65 0.65 0.000155204
0.65 0.75 0.000227096
0.65 0.85 0.000322994
0.65 0.95 0.000427265
0.65 1.05 0.000546106
0.65 1.15 0.000612666
0.65 1.25 0.000617563
0.65 1.35 0.000361153
0.65 1.45 -0.000223044
0.65 1.55 -0.00164879
0.65 1.65 -0.00413825
0.65 1.75 -0.00890887
0.65 1.85 -0.0165293
0.65 1.95 -0.0295948
0.65 2.05 -0.0488583
0.65 2.15 -0.0780389
0.65 2.25 -0.114041
0.65 2.35 -0.155315
0.65 2.45 -0.181569
0.65 2.55 -0.17849
0.65 2.65 -0.109203
0.65 2.75 0.0173404
0.65 2.85 0.243208
0.65 2.95 0.633743

0.75 0.05 -2.47374e-07
0.75 0.15 3.4167e-06
0.75 0.25 9.27481e-06
0.75 0.35 2.09441e-05
0.75 0.45 3.65589e-05
0.75 0.55 6.26801e-05
0.75 0.65 9.77506e-05
0.75 0.75 0.000147978
0.75 0.85 0.000213385
0.75 0.95 0.000290385
0.75 1.05 0.000380893
0.75 1.15 0.000446821
0.75 1.25 0.000488131
0.75 1.35 0.000372737
0.75 1.45 8.36726e-05
0.75 1.55 -0.000745556
0.75 1.65 -0.00220195
0.75 1.75 -0.0052365
0.75 1.85 -0.0102034
0.75 1.95 -0.0194918
0.75 2.05 -0.0340835
0.75 2.15 -0.058698
0.75 2.25 -0.092476
0.75 2.35 -0.136906
0.75 2.45 -0.17402
0.75 2.55 -0.187965
0.75 2.65 -0.133625
0.75 2.75 -0.00577828
0.75 2.85 0.250438
0.75 2.95 0.643069

0.85 0.05 6.22883e-07
0.85 0.15 3.03488e-06
0.85 0.25 4.22994e-06
0.85 0.35 1.14384e-05
0.85 0.45 1.56138e-05
0.85 0.55 3.09456e-05
0.85 0.65 4.26524e-05
0.85 0.75 7.17584e-05
0.85 0.85 9.7456e-05
0.85 0.95 0.000145565
0.85 1.05 0.000188534
0.85 1.15 0.000250081
0.85 1.25 0.00029396
0.85 1.35 0.000323395
0.85 1.45 0.000289505
0.85 1.55 0.000128259
0.85 1.65 -0.000236269
0.85 1.75 -0.00107432
0.85 1.85 -0.00259057
0.85 1.95 -0.00575909
0.85 2.05 -0.0114507
0.85 2.15 -0.0228187
0.85 2.25 -0.0421198
0.85 2.35 -0.0739827
0.85 2.45 -0.111926
0.85 2.55 -0.144297
0.85 2.65 -0.132913
0.85 2.75 -0.0642906
0.85 2.85 0.131906
0.85 2.95 0.44804

0.95 0.05 -1.40976e-06
0.95 0.15 -1.26371e-06
0.95 0.25 -2.87663e-06
0.95 0.35 -1.04802e-06
0.95 0.45 -3.99319e-06
0.95 0.55 -6.24102e-07
0.95 0.65 -4.50471e-06
0.95 0.75 1.34583e-06
0.95 0.85 -2.16388e-06
0.95 0.95 7.842e-06
0.95 1.05 7.29449e-06
0.95 1.15 2.38197e-05
0.95 1.25 3.0739e-05
0.95 1.35 5.63216e-05
0.95 1.45 7.88033e-05
0.95 1.55 0.000115791
0.95 1.65 0.00016944
0.95 1.75 0.000209497
0.95 1.85 0.000281887
0.95 1.95 0.000132134
0.95 2.05 -0.000303361
0.95 2.15 -0.00234159
0.95 2.25 -0.00709255
0.95 2.35 -0.0188455
0.95 2.45 -0.0381251
0.95 2.55 -0.0642746
0.95 2.65 -0.075147
0.95 2.75 -0.0568579
0.95 2.85 0.0458469
0.95 2.95 0.259614

