0.05 0.05 -7.64082e-05
0.05 0.15 7.58761e-05
0.05 0.25 -8.39326e-05
0.05 0.35 7.57565e-05
0.05 0.45 -0.000104061
0.05 0.55 6.97604e-05
0.05 0.65 -0.000147847
0.05 0.75 4.23239e-05
0.05 0.85 -0.000238569
0.05 0.95 -3.54303e-05
0.05 1.05 -0.000411989
0.05 1.15 -0.00019873
0.05 1.25 -0.000692542
0.05 1.35 -0.000435635
0.05 1.45 -0.000983775
0.05 1.55 -0.000489758
0.05 1.65 -0.000726628
0.05 1.75 0.000675015
0.05 1.85 0.00189708
0.05 1.95 0.00589516
0.05 2.05 0.0111043
0.05 2.15 0.0205301
0.05 2.25 0.0331664
0.05 2.35 0.0494531
0.05 2.45 0.070617
0.05 2.55 0.0871226
0.05 2.65 0.118021
0.05 2.75 0.123293
0.05 2.85 0.21983
0.05 2.95 0.185331

0.15 0.05 -0.000103998
0.15 0.15 9.9811e-05
0.15 0.25 -0.000119707
0.15 0.35 9.10295e-05
0.15 0.45 -0.000160458
0.15 0.55 6.23934e-05
0.15 0.65 -0.000250139
0.15 0.75 -1.72705e-05
0.15 0.85 -0.000430415
0.15 0.95 -0.000193833
0.15 1.05 -0.000747515
0.15 1.15 -0.000491956
0.15 1.25 -0.00117412
0.15 1.35 -0.000767947
0.15 1.45 -0.00135011
0.15 1.55 -0.00028793
0.15 1.65 6.91057e-05
0.15 1.75 0.0031989
0.15 1.85 0.00663322
0.15 1.95 0.014846
0.15 2.05 0.0253473
0.15 2.15 0.0430944
0.15 2.25 0.065121
0.15 2.35 0.0944763
0.15 2.45 0.126328
0.15 2.55 0.157026
0.15 2.65 0.179718
0.15 2.75 0.18647
0.15 2.85 0.161379
0.15 2.95 0.0943956

0.25 0.05 -0.000108797
0.25 0.15 0.000104421
0.25 0.25 -0.000125315
0.25 0.35 9.47837e-05
0.25 0.45 -0.000169154
0.25 0.55 6.28071e-05
0.25 0.65 -0.000266068
0.25 0.75 -2.40299e-05
0.25 0.85 -0.000458003
0.25 0.95 -0.000209253
0.25 1.05 -0.000784192
0.25 1.15 -0.000502224
0.25 1.25 -0.00118902
0.25 1.35 -0.000711971
0.25 1.45 -0.00123874
0.25 1.55 6.46422e-07
0.25 1.65 0.000556486
0.25 1.75 0.00407305
0.25 1.85 0.00799944
0.25 1.95 0.0170088
0.25 2.05 0.0286821
0.25 2.15 0.0482347
0.25 2.25 0.0732249
0.25 2.35 0.10671
0.25 2.45 0.144609
0.25 2.55 0.181299
0.25 2.65 0.208376
0.25 2.75 0.213082
0.25 2.85 0.169239
0.25 2.95 0.0837227

0.35 0.05 -0.000110441
0.35 0.15 0.000105026
0.35 0.25 -0.000127326
0.35 0.35 9.70585e-05
0.35 0.45 -0.00016752
0.35 0.55 7.36801e-05
0.35 0.65 -0.000250878
0.35 0.75 1.13715e-05
0.35 0.85 -0.000407987
0.35 0.95 -0.000119135
0.35 1.05 -0.000665383
0.35 1.15 -0.000319311
0.35 1.25 -0.000980502
0.35 1.35 -0.000448234
0.35 1.45 -0.00105176
0.35 1.55 7.6747e-05
0.35 1.65 0.000136751
0.35 1.75 0.00295015
0.35 1.85 0.00527476
0.35 1.95 0.0123028
0.35 2.05 0.0204277
0.35 2.15 0.0365758
0.35 2.25 0.0561932
0.35 2.35 0.086902
0.35 2.45 0.119052
0.35 2.55 0.156596
0.35 2.65 0.175402
0.35 2.75 0.17934
0.35 2.85 0.124232
0.35 2.95 0.0455689

0.45 0.05 -0.000110294
0.45 0.15 0.000108069
0.45 0.25 -0.000120864
0.45 0.35 0.000110795
0.45 0.45 -0.000144415
0.45 0.55 0.000113638
0.45 0.65 -0.000188768
0.45 0.75 0.000108925
0.45 0.85 -0.000265895
0.45 0.95 8.66111e-05
0.45 1.05 -0.000388357
0.45 1.15 4.30283e-05
0.45 1.25 -0.0005522
0.45 1.35 1.03349e-05
0.45 1.45 -0.000686576
0.45 1.55 0.000141482
0.45 1.65 -0.000499194
0.45 1.75 0.001002
0.45 1.85 0.00109988
0.45 1.95 0.00468186
0.45 2.05 0.00800665
0.45 2.15 0.0180077
0.45 2.25 0.0309623
0.45 2.35 0.0554428
0.45 2.45 0.0839546
0.45 2.55 0.121407
0.45 2.65 0.144848
0.45 2.75 0.152905
0.45 2.85 0.104133
0.45 2.95 0.0320343

0.55 0.05 -0.000110581
0.55 0.15 0.000109096
0.55 0.25 -0.000117829
0.55 0.35 0.000119804
0.55 0.45 -0.000127308
0.55 0.55 0.000147388
0.55 0.65 -0.000133888
0.55 0.75 0.000201297
0.55 0.85 -0.000130481
0.55 0.95 0.000290879
0.55 1.05 -0.000119387
0.55 1.15 0.000403039
0.55 1.25 -0.000155219
0.55 1.35 0.000427722
0.55 1.45 -0.0004684
0.55 1.55 -2.78181e-05
0.55 1.65 -0.00171865
0.55 1.75 -0.00191666
0.55 1.85 -0.00516077
0.55 1.95 -0.00645445
0.55 2.05 -0.0112513
0.55 2.15 -0.0116585
0.55 2.25 -0.0133984
0.55 2.35 -0.00390944
0.55 2.45 0.00828842
0.55 2.55 0.0370095
0.55 2.65 0.0585089
0.55 2.75 0.0774994
0.55 2.85 0.0528519
0.55 2.95 0.00680818

0.65 0.05 -0.000110038
0.65 0.15 0.000111511
0.65 0.25 -0.0001115
0.65 0.35 0.000132189
0.65 0.45 -0.000104926
0.65 0.55 0.000185469
0.65 0.65 -7.25392e-05
0.65 0.75 0.000297468
0.65 0.85 1.2931e-05
0.65 0.95 0.000500098
0.65 1.05 0.000169895
0.65 1.15 0.000791507
0.65 1.25 0.000329952
0.65 1.35 0.000997325
0.65 1.45 0.000103089
0.65 1.55 0.00039831
0.65 1.65 -0.00178289
0.65 1.75 -0.0030473
0.65 1.85 -0.00844537
0.65 1.95 -0.0136188
0.65 2.05 -0.0250865
0.65 2.15 -0.0359962
0.65 2.25 -0.0528746
0.65 2.35 -0.0625054
0.65 2.45 -0.0703193
0.65 2.55 -0.0567263
0.65 2.65 -0.0375299
0.65 2.75 -0.00282114
0.65 2.85 0.00423214
0.65 2.95 -0.00831899

0.75 0.05 -0.000109451
0.75 0.15 0.000109277
0.75 0.25 -0.000112454
0.75 0.35 0.000129773
0.75 0.45 -0.00010361
0.75 0.55 0.000189695
0.75 0.65 -5.85915e-05
0.75 0.75 0.000324637
0.75 0.85 6.24197e-05
0.75 0.95 0.000583738
0.75 1.05 0.000297772
0.75 1.15 0.000988757
0.75 1.25 0.000598545
0.75 1.35 0.00137751
0.75 1.45 0.000554047
0.75 1.55 0.000953257
0.75 1.65 -0.00133305
0.75 1.75 -0.00282963
0.75 1.85 -0.00931729
0.75 1.95 -0.0166087
0.75 2.05 -0.0333659
0.75 2.15 -0.0538105
0.75 2.25 -0.0889224
0.75 2.35 -0.125503
0.75 2.45 -0.170848
0.75 2.55 -0.194894
0.75 2.65 -0.205888
0.75 2.75 -0.170469
0.75 2.85 -0.125127
0.75 2.95 -0.0582225

0.85 0.05 -0.00010484
0.85 0.15 0.000104049
0.85 0.25 -0.000109166
0.85 0.35 0.000121582
0.85 0.45 -0.000103406
0.85 0.55 0.000175702
0.85 0.65 -6.42609e-05
0.85 0.75 0.000301151
0.85 0.85 4.89918e-05
0.85 0.95 0.000551666
0.85 1.05 0.000286915
0.85 1.15 0.000975019
0.85 1.25 0.000651052
0.85 1.35 0.00150105
0.85 1.45 0.000889876
0.85 1.55 0.00159889
0.85 1.65 -7.47508e-05
0.85 1.75 -0.000648226
0.85 1.85 -0.00566153
0.85 1.95 -0.0109701
0.85 2.05 -0.0254876
0.85 2.15 -0.0445451
0.85 2.25 -0.0821662
0.85 2.35 -0.129698
0.85 2.45 -0.200779
0.85 2.55 -0.265271
0.85 2.65 -0.325125
0.85 2.75 -0.322523
0.85 2.85 -0.27325
0.85 2.95 -0.113532

0.95 0.05 -7.79826e-05
0.95 0.15 7.52368e-05
0.95 0.25 -8.51882e-05
0.95 0.35 8.17706e-05
0.95 0.45 -9.10109e-05
0.95 0.55 0.000106508
0.95 0.65 -8.49433e-05
0.95 0.75 0.000166997
0.95 0.85 -4.562e-05
0.95 0.95 0.000295759
0.95 1.05 6.21645e-05
0.95 1.15 0.000538919
0.95 1.25 0.000275253
0.95 1.35 0.000928801
0.95 1.45 0.000574375
0.95 1.55 0.00138634
0.95 1.65 0.000712084
0.95 1.75 0.00144338
0.95 1.85 -0.000291842
0.95 1.95 -0.000686397
0.95 2.05 -0.00609621
0.95 2.15 -0.0121609
0.95 2.25 -0.0314682
0.95 2.35 -0.0608927
0.95 2.45 -0.124573
0.95 2.55 -0.210213
0.95 2.65 -0.333968
0.95 2.75 -0.417306
0.95 2.85 -0.457345
0.95 2.95 -0.237912

