0.0125 -0.110462992294411
0.0375 -0.110528885707377
0.0625 -0.107873191129889
0.0875 -0.102561300576185
0.1125 -0.0947240104208547
0.1375 -0.0845543007579951
0.1625 -0.072302583590839
0.1875 -0.058270536857158
0.2125 -0.04280367611723
0.2375 -0.0262828468140391
0.2625 -0.00911484659451922
0.2875 0.00827759139859896
0.3125 0.025466207619733
0.3375 0.0420277612917712
0.3625 0.0575544519986642
0.3875 0.071663961085074
0.4125 0.0840088656105197
0.4375 0.0942851930551928
0.4625 0.102239906132233
0.4875 0.107677133405502
0.5125 0.110462992294411
0.5375 0.110528885707377
0.5625 0.107873191129888
0.5875 0.102561300576185
0.6125 0.0947240104208544
0.6375 0.0845543007579947
0.6625 0.0723025835908387
0.6875 0.0582705368571578
0.7125 0.04280367611723
0.7375 0.0262828468140393
0.7625 0.00911484659451933
0.7875 -0.00827759139859929
0.8125 -0.0254662076197333
0.8375 -0.0420277612917719
0.8625 -0.057554451998664
0.8875 -0.0716639610850747
0.9125 -0.0840088656105195
0.9375 -0.0942851930551928
0.9625 -0.102239906132233
0.9875 -0.107677133405502
