1 0.235450672280713  0.174784811273569  0.167312001840483
2 0.266282563474237  0.147169888827875  0.137563066616738
3 0.26558541067143  0.124743695924204  0.107264766810953
4 0.186003403406551  0.164420518267714  0.136959965587863
5 0.149982553043843  0.166061354416569  0.141638780570347
6 0.150198472247935  0.156254118859576  0.135475919945128
7 0.14728527013324  0.144092643225148  0.129196468142911
8 0.135490663235426  0.135888578339218  0.124336508542887
9 0.120628013014492  0.127160110552494  0.116738538275617
10 0.113748088377279  0.113941304769102  0.103805509189217
11 0.123166330608746  0.0913592253410606  0.0810709944115755
12 0.137189430352435  0.0554829499027307  0.0488526231734134
13 0.126835611713903  0.0445914670666794  0.0434047606603365
14 0.0999521047491291  0.0600935102083974  0.055726626114495
15 0.0813930553761711  0.062953518928188  0.0591855723501951
16 0.0676459623026661  0.064097061107705  0.0606579985061679
17 0.0554892389946882  0.0644134826389147  0.0611025734805224
18 0.0469889542691495  0.0623697700355842  0.059345003066684
19 0.0443259970310046  0.0579186834715436  0.0551867796705498
20 0.0488048838862535  0.0507398462316675  0.0481085358644714
21 0.0590623732661819  0.0392515840103317  0.0365749890971204
22 0.0687772430275434  0.0222607816305494  0.0199903097987974
23 0.0688945512345956  0.0128918683524488  0.0111958135864746
24 0.0580091146991435  0.0253862576282556  0.0227906715934082
25 0.0450830011848353  0.0323195344165957  0.0300947171205367
26 0.0354807154940599  0.0340553558692653  0.032665790987552
27 0.0283024543415284  0.0340794760228779  0.0330553347486793
28 0.0229478441546325  0.0331864292449963  0.0322061304330091
29 0.0209820820764015  0.0311421211808382  0.0300959667552113
30 0.0240348670845433  0.0273852985988305  0.0262806046946445
31 0.0301679055524027  0.0213924005813181  0.0203527657986304
32 0.0355262742265248  0.0134449414199393  0.0127501563315147
33 0.0370933887273987  0.00687645932533679  0.0068149515045477
34 0.0340628352584518  0.00963892192500802  0.0093879281511796
35 0.0279412011658819  0.0147821581185237  0.0141554070006819
36 0.0209335076308033  0.0178901010123838  0.0171513102609494
37 0.0144977202424585  0.0191212939717991  0.0183981888613225
38 0.00968875908558868  0.0190037986300408  0.0183228265541689
39 0.00862718391821715  0.0177688620834786  0.0171278797309812
40 0.0117308945874673  0.0154217343310524  0.0148242345615385
41 0.0159309957900234  0.0119672030327283  0.0114425544517325
42 0.0191918873167514  0.0076787998551894  0.0072901987414713
43 0.0205052299149721  0.00365233485502883  0.00349678562578506
44 0.0195695722413208  0.00397572181984704  0.00397339926977726
45 0.0167397043865432  0.00705082650640684  0.00694594756680465
46 0.0127517783910311  0.00938823797426771  0.00922720538892635
47 0.00837116855448377  0.0106139246631894  0.0104488529066849
48 0.00439277870982477  0.0108382018594436  0.0106891739157795
49 0.00318631533115625  0.0102160363212905  0.0100842506173397
50 0.00579014726590694  0.00886668073288174  0.0087536399233409
51 0.00861672515931371  0.00691403098922997  0.0068318420664848
52 0.0106458596767711  0.00457356731743732  0.00454257333873933
53 0.0115659335163373  0.00234497864237399  0.0023715139981665
54 0.0113107028422931  0.00201391063536511  0.00196895740152375
55 0.0100188072352681  0.00361854686752804  0.00347470427148712
56 0.00796458547044764  0.00508375376238021  0.00488830545480495
57 0.00546873548474395  0.00600627479349106  0.0057854675137911
58 0.00287250916850207  0.00634041672860148  0.00611189865086664
59 0.00118182748619902  0.00612044910289877  0.00589753214897545
60 0.00273204772349566  0.0054122801709965  0.00520753793014664
61 0.00459338366870551  0.00431068807932565  0.00413745893165589
62 0.00594486949862558  0.00295267633785953  0.00282449628791503
63 0.00663698096282736  0.0015632633335459  0.00149695200887589
64 0.00664174338836109  0.000927670453477641  0.000951535377557247
65 0.00602284663102999  0.00178310403344929  0.00179414588159485
66 0.00491280034637034  0.00271381709107552  0.00269731748426243
67 0.0034819428373365  0.00334728642533201  0.00331519101148746
68 0.00191822900308021  0.00362781968182919  0.00359075341839627
69 0.000590686896117079  0.00356496912232749  0.00353066923765477
70 0.00132477037397152  0.00319985182862011  0.00317389329222613
71 0.00247324190665859  0.00259554977400075  0.0025823038057761
72 0.00332362854367061  0.00183603746759392  0.00183884076710287
73 0.00379651808077517  0.00104221981001114  0.00106118174177689
74 0.00387692998139114  0.000558757877514287  0.000563968132541873
75 0.00359408136505451  0.000943737617319755  0.000899455734957634
76 0.00301218712603941  0.00149481921130359  0.00142905612446521
77 0.00221875685627371  0.00190283303885838  0.00182506316816011
78 0.00131419040760841  0.00211424362972351  0.00203064082855616
79 0.000435256343315452  0.00212358429434578  0.00203955973232132
80 0.000583685920030693  0.00194863651680935  0.00186908663347758
81 0.0012894043224989  0.0016233195732123  0.00155258438227235
82 0.00183257059490766  0.0011943450098104  0.00113618429145126
83 0.00215962581259929  0.00072346222987732  0.0006819080311953
84 0.00225805505503522  0.000342170581161685  0.000330896391551873
85 0.00213996760577591  0.000446258044074071  0.000461343965644386
86 0.00183746928208074  0.000774653582740636  0.000782541854448322
87 0.00139728177858131  0.00103835357867643  0.00103844877821469
88 0.000874810609848526  0.00119037065366392  0.00118567158745063
89 0.000331811139954157  0.00122245388048192  0.00121628327948348
90 0.000224130234399739  0.00114239951621267  0.00113779188085927
91 0.000663779034133259  0.000968936985198024  0.000968359334407773
92 0.00100814223999162  0.000728955860497174  0.000734141790751595
93 0.00122676413511652  0.000457282191782412  0.000468961171886078
94 0.00131141977905915  0.000218038064585326  0.000232148154299739
95 0.00126773042202924  0.000234194394214962  0.000223463158411686
96 0.00111279230319095  0.000426255113588664  0.000402517304450026
97 0.000872327379697932  0.000590756483643016  0.000561521578031986
98 0.000577561649754362  0.00069311695091117  0.000661169944810835
99 0.000263604968183514  0.000726281890090779  0.000693658645309755
100 8.46862363471881e-05  0.000693101797016243  0.000661552763289142
101 0.000334021919787439  0.000603068795259135  0.000574102386629185
102 0.000547481511365401  0.000470626703704923  0.000445503936075338
103 0.000691153896381  0.000314417768850948  0.000294295974361475
104 0.000757727230040764  0.000162568234320139  0.000150095499150688
105 0.000748519974076191  0.000112629852986975  0.000117283671066458
106 0.000671868761178724  0.000212654466176273  0.000219339223359821
107 0.000541572055441011  0.000314449853857648  0.000318571621642858
108 0.000375097174415518  0.000383026112575933  0.000385044367476564
109 0.00019199497248147  0.000411657527674455  0.000412575474624371
110 3.1182852790425e-05  0.000400773240561636  0.000401644585217723
111 0.000161662555157787  0.000355137726809858  0.000356903246188256
112 0.000294339911651432  0.000282685725461208  0.000286080769833402
113 0.000387573396206727  0.000193875265997786  0.000199351893834571
114 0.000436143206860257  0.00010359680448807  0.00011087557655478
115 0.000439972977396182  6.06356513949063e-05  6.1716161102674e-05
116 0.000403201584346801  0.000115643625822554  0.000107439821630985
117 0.00033332225151401  0.000178369481315788  0.000167272447372089
118 0.000240163432377492  0.000222905759703385  0.000210467497039676
119 0.000134908130873249  0.000244454037595105  0.00023152278531259
120 3.23249771908898e-05  0.000242736212608256  0.000229985417726549
121 7.51248128671773e-05  0.000220093527222454  0.000208086697110513
122 0.000156119401398741  0.000180782711634523  0.000169977190371656
123 0.000215572266403623  0.000130517913731232  0.000121289921833358
124 0.000249529961571872  7.67858613174913e-05  6.96765537122145e-05
125 0.000257337528948146  3.70486907352359e-05  3.53455850877008e-05
126 0.000240876027637491  5.48174753983826e-05  5.82640767437838e-05
127 0.000204084178119269  9.17139866340835e-05  9.47824150646566e-05
128 0.000152391558285867  0.000120249726064401  0.000122550649011058
129 9.21228415993346e-05  0.000135904521847391  0.00013766899785605
130 3.04875027146154e-05  0.000137955121534311  0.000139511760656497
131 3.19130168804234e-05  0.00012742064269336  0.000129096274210277
132 8.12818065170968e-05  0.000106543523068877  0.000108618754093756
133 0.000118972642467139  7.84852013178286e-05  8.11631979350082e-05
134 0.000142095954119525  4.73768407451145e-05  5.07095105520926e-05
135 0.0001499230411744  2.19533000843937e-05  2.47455670333013e-05
136 0.000143258370116062  2.95292778129281e-05  2.70991200048395e-05
137 0.000124171757190592  5.19640225678639e-05  4.77091092912926e-05
138 9.56766007442742e-05  7.00976769120179e-05  6.51660259843123e-05
139 6.1376461722394e-05  8.08725821131022e-05  7.56564302696532e-05
140 2.52681552575483e-05  8.36801565842868e-05  7.84462711302043e-05
141 1.20684412993917e-05  7.89635370400592e-05  7.39284606682501e-05
142 4.15233624530334e-05  6.79049005009726e-05  6.32442466114695e-05
143 6.50966566476207e-05  5.22366902284875e-05  4.80900316352403e-05
144 8.04376186422795e-05  3.4168363082705e-05  3.06806871472289e-05
145 8.69080148973057e-05  1.71883262261085e-05  1.49464276165426e-05
146 8.47940061082315e-05  1.36135000685347e-05  1.47620868896357e-05
147 7.5150136652567e-05  2.54350895936386e-05  2.71387874115897e-05
148 5.96208485700671e-05  3.663362929314e-05  3.81196250039438e-05
149 4.02374622492442e-05  4.38983774451263e-05  4.51636374382393e-05
150 1.92540184418287e-05  4.65874191211041e-05  4.77239574531481e-05
151 3.84882083091596e-06  4.48177464024316e-05  4.59329538269439e-05
152 2.05699902795556e-05  3.9181923035577e-05  4.03752855636436e-05
153 3.52183464397063e-05  3.06215771213795e-05  3.19718159818628e-05
154 4.52463551504811e-05  2.03683324091393e-05  2.19162386025651e-05
155 5.01458125856336e-05  1.03056582185579e-05  1.1913522923365e-05
156 4.99721157147595e-05  7.3936584641076e-06  7.20812035562695e-06
157 4.52487190680693e-05  1.4482998690869e-05  1.28642484907072e-05
158 3.68676156920476e-05  2.149160847093e-05  1.95018841648507e-05
159 2.59723973310095e-05  2.62763144080673e-05  2.41376461949664e-05
160 1.38477590599123e-05  2.84003848040494e-05  2.62239890395613e-05
161 2.4417611428446e-06  2.78782243591321e-05  2.57476016693934e-05
162 9.81195563703594e-06  2.50093521124105e-05  2.29920654056594e-05
163 1.88351060318266e-05  2.0304642503676e-05  1.84545173731883e-05
164 2.52882986820274e-05  1.44370793270926e-05  1.28017105701547e-05
165 2.879285281104e-05  8.29746440132064e-06  6.98376366117943e-06
166 2.93165304933184e-05  4.13818651886806e-06  3.99216069626197e-06
167 2.71095547751396e-05  6.60464203954472e-06  7.40870713095718e-06
168 2.26494052866933e-05  1.07320648431989e-05  1.15426075799675e-05
169 1.6574658064937e-05  1.38161342476395e-05  1.45489150581761e-05
170 9.61766865949572e-06  1.54086583000753e-05  1.60797002338724e-05
171 2.65142579958369e-06  1.54546915916066e-05  1.60969203513478e-05
172 4.40796581927256e-06  1.40904537279331e-05  1.47380242638756e-05
173 9.91587290918291e-06  1.15869734070325e-05  1.22690603104044e-05
174 1.40217803726004e-05  8.31783177601948e-06  9.05340232366711e-06
175 1.64429185714255e-05  4.78393940138057e-06  5.55993304624787e-06
176 1.71200528318809e-05  2.2797317494477e-06  2.72557071508173e-06
177 1.61647995577654e-05  3.82475633230498e-06  3.26232343298528e-06
178 1.3828758008546e-05  6.39750399074951e-06  5.58427316432459e-06
179 1.04661921291046e-05  8.37626080275577e-06  7.4836555397606e-06
180 6.49381605237083e-06  9.4923039013847e-06  8.57393155176774e-06
181 2.37648143577158e-06  9.69734091848912e-06  8.78658761626532e-06
182 1.79675293604027e-06  9.05449686411679e-06  8.17728316581258e-06
183 5.12711241862142e-06  7.70782969757757e-06  6.88485073284933e-06
184 7.71305113992367e-06  5.86189201676217e-06  5.11033549244522e-06
185 9.3412675288168e-06  3.77575193805878e-06  3.12020091232874e-06
186 9.95368556594085e-06  1.87519665543262e-06  1.47435025195074e-06
187 9.59520302491741e-06  1.63198648718064e-06  1.92123283606709e-06
188 8.39623398075754e-06  2.98424308530683e-06  3.38660450421506e-06
189 6.55181219369482e-06  4.21080407780135e-06  4.59625713552827e-06
190 4.2981897875811e-06  4.97682777830508e-06  5.33696537030674e-06
191 1.89631541078588e-06  5.21940136764264e-06  5.56224980614509e-06
192 6.21608864932053e-07  4.95897909204131e-06  5.295633745265e-06
193 2.5868199645066e-06  4.26885613797679e-06  4.60979010820874e-06
194 4.20013267309627e-06  3.26112533541764e-06  3.61413322211508e-06
195 5.27356695875929e-06  2.08265915878067e-06  2.44853044576258e-06
196 5.75848400723927e-06  9.88907492707529e-07  1.31660845666593e-06
197 5.6686437132125e-06  9.62675933959301e-07  8.51468611575824e-07
198 5.06987597626902e-06  1.83840090688589e-06  1.50857501644183e-06
199 4.06844507098744e-06  2.61599866614003e-06  2.23795990736998e-06
200 2.79757698262398e-06  3.12505409064525e-06  2.73178986250663e-06
