0.025 0.025 1.78508e-07
0.025 0.075 2.74749e-07
0.025 0.125 2.54323e-07
0.025 0.175 2.57658e-07
0.025 0.225 2.31227e-07
0.025 0.275 2.11484e-07
0.025 0.325 1.7033e-07
0.025 0.375 1.30306e-07
0.025 0.425 7.64254e-08
0.025 0.475 2.67225e-08
0.025 0.525 -3.11135e-08
0.025 0.575 -8.05591e-08
0.025 0.625 -1.33925e-07
0.025 0.675 -1.73232e-07
0.025 0.725 -2.13462e-07
0.025 0.775 -2.32124e-07
0.025 0.825 -2.57421e-07
0.025 0.875 -2.52918e-07
0.025 0.925 -2.73034e-07
0.025 0.975 -1.76919e-07

0.075 0.025 5.46511e-07
0.075 0.075 6.44484e-07
0.075 0.125 4.43932e-07
0.075 0.175 3.13352e-07
0.075 0.225 2.11061e-07
0.075 0.275 1.58849e-07
0.075 0.325 1.14332e-07
0.075 0.375 7.61581e-08
0.075 0.425 4.41615e-08
0.075 0.475 8.84002e-09
0.075 0.525 -1.85229e-08
0.075 0.575 -5.3305e-08
0.075 0.625 -8.42378e-08
0.075 0.675 -1.20883e-07
0.075 0.725 -1.63479e-07
0.075 0.775 -2.13347e-07
0.075 0.825 -3.13412e-07
0.075 0.875 -4.42024e-07
0.075 0.925 -6.43318e-07
0.075 0.975 -5.47131e-07

0.125 0.025 9.1101e-07
0.125 0.075 9.18138e-07
0.125 0.125 4.37061e-07
0.125 0.175 7.66566e-08
0.125 0.225 -1.46855e-07
0.125 0.275 -2.16246e-07
0.125 0.325 -2.35598e-07
0.125 0.375 -1.9174e-07
0.125 0.425 -1.35641e-07
0.125 0.475 -4.70125e-08
0.125 0.525 3.46305e-08
0.125 0.575 1.2391e-07
0.125 0.625 1.81275e-07
0.125 0.675 2.27008e-07
0.125 0.725 2.09962e-07
0.125 0.775 1.43501e-07
0.125 0.825 -7.74765e-08
0.125 0.875 -4.36129e-07
0.125 0.925 -9.19809e-07
0.125 0.975 -9.16679e-07

0.175 0.025 1.28711e-06
0.175 0.075 1.2746e-06
0.175 0.125 5.39344e-07
0.175 0.175 -7.14655e-08
0.175 0.225 -4.34388e-07
0.175 0.275 -5.59295e-07
0.175 0.325 -5.59569e-07
0.175 0.375 -4.59699e-07
0.175 0.425 -3.05459e-07
0.175 0.475 -1.10186e-07
0.175 0.525 9.63822e-08
0.175 0.575 2.92317e-07
0.175 0.625 4.47836e-07
0.175 0.675 5.49643e-07
0.175 0.725 5.51751e-07
0.175 0.775 4.29986e-07
0.175 0.825 6.96682e-08
0.175 0.875 -5.39607e-07
0.175 0.925 -1.27867e-06
0.175 0.975 -1.29616e-06

0.225 0.025 1.60195e-06
0.225 0.075 1.56013e-06
0.225 0.125 5.72553e-07
0.225 0.175 -2.84315e-07
0.225 0.225 -7.96418e-07
0.225 0.275 -9.67032e-07
0.225 0.325 -9.52251e-07
0.225 0.375 -7.7043e-07
0.225 0.425 -5.1366e-07
0.225 0.475 -1.76357e-07
0.225 0.525 1.62552e-07
0.225 0.575 5.00456e-07
0.225 0.625 7.5838e-07
0.225 0.675 9.42e-07
0.225 0.725 9.58978e-07
0.225 0.775 7.9139e-07
0.225 0.825 2.8166e-07
0.225 0.875 -5.74077e-07
0.225 0.925 -1.56632e-06
0.225 0.975 -1.61351e-06

0.275 0.025 1.83057e-06
0.275 0.075 1.75628e-06
0.275 0.125 5.51878e-07
0.275 0.175 -5.16879e-07
0.275 0.225 -1.15053e-06
0.275 0.275 -1.36556e-06
0.275 0.325 -1.32293e-06
0.275 0.375 -1.07279e-06
0.275 0.425 -7.05596e-07
0.275 0.475 -2.45522e-07
0.275 0.525 2.32209e-07
0.275 0.575 6.92838e-07
0.275 0.625 1.0611e-06
0.275 0.675 1.31291e-06
0.275 0.725 1.35758e-06
0.275 0.775 1.14542e-06
0.275 0.825 5.13973e-07
0.275 0.875 -5.53861e-07
0.275 0.925 -1.76307e-06
0.275 0.975 -1.84261e-06

0.325 0.025 2.0071e-06
0.325 0.075 1.88689e-06
0.325 0.125 4.8476e-07
0.325 0.175 -7.63422e-07
0.325 0.225 -1.50741e-06
0.325 0.275 -1.75029e-06
0.325 0.325 -1.68561e-06
0.325 0.375 -1.35826e-06
0.325 0.425 -8.94381e-07
0.325 0.475 -3.05774e-07
0.325 0.525 2.94263e-07
0.325 0.575 8.83325e-07
0.325 0.625 1.34807e-06
0.325 0.675 1.67681e-06
0.325 0.725 1.74318e-06
0.325 0.775 1.50274e-06
0.325 0.825 7.60566e-07
0.325 0.875 -4.86961e-07
0.325 0.925 -1.89356e-06
0.325 0.975 -2.01839e-06

0.375 0.025 2.10724e-06
0.375 0.075 1.93334e-06
0.375 0.125 3.76788e-07
0.375 0.175 -1.00839e-06
0.375 0.225 -1.82787e-06
0.375 0.275 -2.09029e-06
0.375 0.325 -1.99445e-06
0.375 0.375 -1.60552e-06
0.375 0.425 -1.05034e-06
0.375 0.475 -3.60474e-07
0.375 0.525 3.51438e-07
0.375 0.575 1.04165e-06
0.375 0.625 1.5975e-06
0.375 0.675 1.98751e-06
0.375 0.725 2.08466e-06
0.375 0.775 1.82415e-06
0.375 0.825 1.00606e-06
0.375 0.875 -3.78656e-07
0.375 0.925 -1.93879e-06
0.375 0.975 -2.11631e-06

0.425 0.025 2.18128e-06
0.425 0.075 1.96569e-06
0.425 0.125 2.96162e-07
0.425 0.175 -1.1836e-06
0.425 0.225 -2.05988e-06
0.425 0.275 -2.33211e-06
0.425 0.325 -2.21824e-06
0.425 0.375 -1.78009e-06
0.425 0.425 -1.16438e-06
0.425 0.475 -3.96318e-07
0.425 0.525 3.9061e-07
0.425 0.575 1.15889e-06
0.425 0.625 1.77501e-06
0.425 0.675 2.21383e-06
0.425 0.725 2.32851e-06
0.425 0.775 2.05748e-06
0.425 0.825 1.18206e-06
0.425 0.875 -2.97433e-07
0.425 0.925 -1.96929e-06
0.425 0.975 -2.18716e-06

0.475 0.025 2.20937e-06
0.475 0.075 1.96758e-06
0.475 0.125 2.40847e-07
0.475 0.175 -1.28657e-06
0.475 0.225 -2.18816e-06
0.475 0.275 -2.46496e-06
0.475 0.325 -2.33749e-06
0.475 0.375 -1.87444e-06
0.475 0.425 -1.22322e-06
0.475 0.475 -4.15897e-07
0.475 0.525 4.13937e-07
0.475 0.575 1.22133e-06
0.475 0.625 1.8727e-06
0.475 0.675 2.33598e-06
0.475 0.725 2.46372e-06
0.475 0.775 2.18733e-06
0.475 0.825 1.28603e-06
0.475 0.875 -2.41298e-07
0.475 0.925 -1.96884e-06
0.475 0.975 -2.21141e-06

0.525 0.025 2.21141e-06
0.525 0.075 1.96884e-06
0.525 0.125 2.41298e-07
0.525 0.175 -1.28603e-06
0.525 0.225 -2.18733e-06
0.525 0.275 -2.46372e-06
0.525 0.325 -2.33598e-06
0.525 0.375 -1.8727e-06
0.525 0.425 -1.22133e-06
0.525 0.475 -4.13937e-07
0.525 0.525 4.15897e-07
0.525 0.575 1.22322e-06
0.525 0.625 1.87444e-06
0.525 0.675 2.33749e-06
0.525 0.725 2.46496e-06
0.525 0.775 2.18816e-06
0.525 0.825 1.28657e-06
0.525 0.875 -2.40847e-07
0.525 0.925 -1.96758e-06
0.525 0.975 -2.20937e-06

0.575 0.025 2.18716e-06
0.575 0.075 1.96929e-06
0.575 0.125 2.97433e-07
0.575 0.175 -1.18206e-06
0.575 0.225 -2.05748e-06
0.575 0.275 -2.32851e-06
0.575 0.325 -2.21383e-06
0.575 0.375 -1.77501e-06
0.575 0.425 -1.15889e-06
0.575 0.475 -3.9061e-07
0.575 0.525 3.96318e-07
0.575 0.575 1.16438e-06
0.575 0.625 1.78009e-06
0.575 0.675 2.21824e-06
0.575 0.725 2.33211e-06
0.575 0.775 2.05988e-06
0.575 0.825 1.1836e-06
0.575 0.875 -2.96162e-07
0.575 0.925 -1.96569e-06
0.575 0.975 -2.18128e-06

0.625 0.025 2.11631e-06
0.625 0.075 1.93879e-06
0.625 0.125 3.78656e-07
0.625 0.175 -1.00606e-06
0.625 0.225 -1.82415e-06
0.625 0.275 -2.08466e-06
0.625 0.325 -1.98751e-06
0.625 0.375 -1.5975e-06
0.625 0.425 -1.04165e-06
0.625 0.475 -3.51438e-07
0.625 0.525 3.60474e-07
0.625 0.575 1.05034e-06
0.625 0.625 1.60552e-06
0.625 0.675 1.99445e-06
0.625 0.725 2.09029e-06
0.625 0.775 1.82787e-06
0.625 0.825 1.00839e-06
0.625 0.875 -3.76788e-07
0.625 0.925 -1.93334e-06
0.625 0.975 -2.10724e-06

0.675 0.025 2.01839e-06
0.675 0.075 1.89356e-06
0.675 0.125 4.86961e-07
0.675 0.175 -7.60566e-07
0.675 0.225 -1.50274e-06
0.675 0.275 -1.74318e-06
0.675 0.325 -1.67681e-06
0.675 0.375 -1.34807e-06
0.675 0.425 -8.83325e-07
0.675 0.475 -2.94263e-07
0.675 0.525 3.05774e-07
0.675 0.575 8.94381e-07
0.675 0.625 1.35826e-06
0.675 0.675 1.68561e-06
0.675 0.725 1.75029e-06
0.675 0.775 1.50741e-06
0.675 0.825 7.63422e-07
0.675 0.875 -4.8476e-07
0.675 0.925 -1.88689e-06
0.675 0.975 -2.0071e-06

0.725 0.025 1.84261e-06
0.725 0.075 1.76307e-06
0.725 0.125 5.53861e-07
0.725 0.175 -5.13973e-07
0.725 0.225 -1.14542e-06
0.725 0.275 -1.35758e-06
0.725 0.325 -1.31291e-06
0.725 0.375 -1.0611e-06
0.725 0.425 -6.92838e-07
0.725 0.475 -2.32209e-07
0.725 0.525 2.45522e-07
0.725 0.575 7.05596e-07
0.725 0.625 1.07279e-06
0.725 0.675 1.32293e-06
0.725 0.725 1.36556e-06
0.725 0.775 1.15053e-06
0.725 0.825 5.16879e-07
0.725 0.875 -5.51878e-07
0.725 0.925 -1.75628e-06
0.725 0.975 -1.83057e-06

0.775 0.025 1.61351e-06
0.775 0.075 1.56632e-06
0.775 0.125 5.74077e-07
0.775 0.175 -2.8166e-07
0.775 0.225 -7.9139e-07
0.775 0.275 -9.58978e-07
0.775 0.325 -9.42e-07
0.775 0.375 -7.5838e-07
0.775 0.425 -5.00456e-07
0.775 0.475 -1.62552e-07
0.775 0.525 1.76357e-07
0.775 0.575 5.1366e-07
0.775 0.625 7.7043e-07
0.775 0.675 9.52251e-07
0.775 0.725 9.67032e-07
0.775 0.775 7.96418e-07
0.775 0.825 2.84315e-07
0.775 0.875 -5.72553e-07
0.775 0.925 -1.56013e-06
0.775 0.975 -1.60195e-06

0.825 0.025 1.29616e-06
0.825 0.075 1.27867e-06
0.825 0.125 5.39607e-07
0.825 0.175 -6.96682e-08
0.825 0.225 -4.29986e-07
0.825 0.275 -5.51751e-07
0.825 0.325 -5.49643e-07
0.825 0.375 -4.47836e-07
0.825 0.425 -2.92317e-07
0.825 0.475 -9.63822e-08
0.825 0.525 1.10186e-07
0.825 0.575 3.05459e-07
0.825 0.625 4.59699e-07
0.825 0.675 5.59569e-07
0.825 0.725 5.59295e-07
0.825 0.775 4.34388e-07
0.825 0.825 7.14655e-08
0.825 0.875 -5.39344e-07
0.825 0.925 -1.2746e-06
0.825 0.975 -1.28711e-06

0.875 0.025 9.16679e-07
0.875 0.075 9.19809e-07
0.875 0.125 4.36129e-07
0.875 0.175 7.74765e-08
0.875 0.225 -1.43501e-07
0.875 0.275 -2.09962e-07
0.875 0.325 -2.27008e-07
0.875 0.375 -1.81275e-07
0.875 0.425 -1.2391e-07
0.875 0.475 -3.46305e-08
0.875 0.525 4.70125e-08
0.875 0.575 1.35641e-07
0.875 0.625 1.9174e-07
0.875 0.675 2.35598e-07
0.875 0.725 2.16246e-07
0.875 0.775 1.46855e-07
0.875 0.825 -7.66566e-08
0.875 0.875 -4.37061e-07
0.875 0.925 -9.18138e-07
0.875 0.975 -9.1101e-07

0.925 0.025 5.47131e-07
0.925 0.075 6.43318e-07
0.925 0.125 4.42024e-07
0.925 0.175 3.13412e-07
0.925 0.225 2.13347e-07
0.925 0.275 1.63479e-07
0.925 0.325 1.20883e-07
0.925 0.375 8.42378e-08
0.925 0.425 5.3305e-08
0.925 0.475 1.85229e-08
0.925 0.525 -8.84002e-09
0.925 0.575 -4.41615e-08
0.925 0.625 -7.61581e-08
0.925 0.675 -1.14332e-07
0.925 0.725 -1.58849e-07
0.925 0.775 -2.11061e-07
0.925 0.825 -3.13352e-07
0.925 0.875 -4.43932e-07
0.925 0.925 -6.44484e-07
0.925 0.975 -5.46511e-07

0.975 0.025 1.76919e-07
0.975 0.075 2.73034e-07
0.975 0.125 2.52918e-07
0.975 0.175 2.57421e-07
0.975 0.225 2.32124e-07
0.975 0.275 2.13462e-07
0.975 0.325 1.73232e-07
0.975 0.375 1.33925e-07
0.975 0.425 8.05591e-08
0.975 0.475 3.11135e-08
0.975 0.525 -2.67225e-08
0.975 0.575 -7.64254e-08
0.975 0.625 -1.30306e-07
0.975 0.675 -1.7033e-07
0.975 0.725 -2.11484e-07
0.975 0.775 -2.31227e-07
0.975 0.825 -2.57658e-07
0.975 0.875 -2.54323e-07
0.975 0.925 -2.74749e-07
0.975 0.975 -1.78508e-07

