0.025 0.025 1.65971e-07
0.025 0.075 5.5998e-07
0.025 0.125 9.90023e-07
0.025 0.175 1.55409e-06
0.025 0.225 2.11164e-06
0.025 0.275 2.62593e-06
0.025 0.325 3.07742e-06
0.025 0.375 3.41827e-06
0.025 0.425 3.66615e-06
0.025 0.475 3.78606e-06
0.025 0.525 3.78699e-06
0.025 0.575 3.66883e-06
0.025 0.625 3.42229e-06
0.025 0.675 3.08237e-06
0.025 0.725 2.63082e-06
0.025 0.775 2.116e-06
0.025 0.825 1.55642e-06
0.025 0.875 9.90145e-07
0.025 0.925 5.57502e-07
0.025 0.975 1.63552e-07

0.075 0.025 2.46946e-07
0.075 0.075 7.81588e-07
0.075 0.125 1.40644e-06
0.075 0.175 2.30819e-06
0.075 0.225 3.2564e-06
0.075 0.275 4.17155e-06
0.075 0.325 4.99146e-06
0.075 0.375 5.62882e-06
0.075 0.425 6.09035e-06
0.075 0.475 6.31778e-06
0.075 0.525 6.31795e-06
0.075 0.575 6.0908e-06
0.075 0.625 5.62927e-06
0.075 0.675 4.99176e-06
0.075 0.725 4.17099e-06
0.075 0.775 3.25494e-06
0.075 0.825 2.30476e-06
0.075 0.875 1.4015e-06
0.075 0.925 7.75926e-07
0.075 0.975 2.43546e-07

0.125 0.025 2.45594e-07
0.125 0.075 7.40728e-07
0.125 0.125 1.33015e-06
0.125 0.175 2.26578e-06
0.125 0.225 3.28663e-06
0.125 0.275 4.30806e-06
0.125 0.325 5.23319e-06
0.125 0.375 5.96794e-06
0.125 0.425 6.4989e-06
0.125 0.475 6.76421e-06
0.125 0.525 6.76391e-06
0.125 0.575 6.49802e-06
0.125 0.625 5.96634e-06
0.125 0.675 5.23095e-06
0.125 0.725 4.30481e-06
0.125 0.775 3.28259e-06
0.125 0.825 2.26035e-06
0.125 0.875 1.32395e-06
0.125 0.925 7.3488e-07
0.125 0.975 2.42532e-07

0.175 0.025 2.66841e-07
0.175 0.075 7.45624e-07
0.175 0.125 1.29646e-06
0.175 0.175 2.18055e-06
0.175 0.225 3.16384e-06
0.175 0.275 4.16527e-06
0.175 0.325 5.08354e-06
0.175 0.375 5.81972e-06
0.175 0.425 6.35464e-06
0.175 0.475 6.62296e-06
0.175 0.525 6.6228e-06
0.175 0.575 6.35417e-06
0.175 0.625 5.81884e-06
0.175 0.675 5.08229e-06
0.175 0.725 4.16341e-06
0.175 0.775 3.16151e-06
0.175 0.825 2.17736e-06
0.175 0.875 1.2928e-06
0.175 0.925 7.4231e-07
0.175 0.975 2.65166e-07

0.225 0.025 2.52408e-07
0.225 0.075 7.23131e-07
0.225 0.125 1.26036e-06
0.225 0.175 2.10812e-06
0.225 0.225 3.04401e-06
0.225 0.275 4.00821e-06
0.225 0.325 4.88778e-06
0.225 0.375 5.60142e-06
0.225 0.425 6.11623e-06
0.225 0.475 6.37729e-06
0.225 0.525 6.37742e-06
0.225 0.575 6.11659e-06
0.225 0.625 5.60192e-06
0.225 0.675 4.88835e-06
0.225 0.725 4.00866e-06
0.225 0.775 3.04426e-06
0.225 0.825 2.10795e-06
0.225 0.875 1.2598e-06
0.225 0.925 7.22549e-07
0.225 0.975 2.52114e-07

0.275 0.025 2.37314e-07
0.275 0.075 6.86603e-07
0.275 0.125 1.21695e-06
0.275 0.175 1.99908e-06
0.275 0.225 2.86475e-06
0.275 0.275 3.74454e-06
0.275 0.325 4.55175e-06
0.275 0.375 5.20281e-06
0.275 0.425 5.67495e-06
0.275 0.475 5.91337e-06
0.275 0.525 5.91384e-06
0.275 0.575 5.67628e-06
0.275 0.625 5.20493e-06
0.275 0.675 4.55442e-06
0.275 0.725 3.74761e-06
0.275 0.775 2.8679e-06
0.275 0.825 2.00219e-06
0.275 0.875 1.21973e-06
0.275 0.925 6.88859e-07
0.275 0.975 2.384e-07

0.325 0.025 1.96181e-07
0.325 0.075 5.98896e-07
0.325 0.125 1.07242e-06
0.325 0.175 1.75969e-06
0.325 0.225 2.50495e-06
0.325 0.275 3.26746e-06
0.325 0.325 3.95749e-06
0.325 0.375 4.51994e-06
0.325 0.425 4.92283e-06
0.325 0.475 5.12873e-06
0.325 0.525 5.12945e-06
0.325 0.575 4.92492e-06
0.325 0.625 4.5233e-06
0.325 0.675 3.96178e-06
0.325 0.725 3.2726e-06
0.325 0.775 2.51041e-06
0.325 0.825 1.76553e-06
0.325 0.875 1.07804e-06
0.325 0.925 6.0361e-07
0.325 0.975 1.98492e-07

0.375 0.025 1.50982e-07
0.375 0.075 4.61725e-07
0.375 0.125 8.47461e-07
0.375 0.175 1.37712e-06
0.375 0.225 1.96015e-06
0.375 0.275 2.54314e-06
0.375 0.325 3.07756e-06
0.375 0.375 3.50673e-06
0.375 0.425 3.81786e-06
0.375 0.475 3.97507e-06
0.375 0.525 3.97601e-06
0.375 0.575 3.82056e-06
0.375 0.625 3.51111e-06
0.375 0.675 3.08318e-06
0.375 0.725 2.54998e-06
0.375 0.775 1.96753e-06
0.375 0.825 1.3852e-06
0.375 0.875 8.55435e-07
0.375 0.925 4.68464e-07
0.375 0.975 1.54292e-07

0.425 0.025 9.04997e-08
0.425 0.075 2.941e-07
0.425 0.125 5.36072e-07
0.425 0.175 8.78518e-07
0.425 0.225 1.24324e-06
0.425 0.275 1.6167e-06
0.425 0.325 1.95074e-06
0.425 0.375 2.22502e-06
0.425 0.425 2.41966e-06
0.425 0.475 2.52033e-06
0.425 0.525 2.52141e-06
0.425 0.575 2.42276e-06
0.425 0.625 2.23009e-06
0.425 0.675 1.95726e-06
0.425 0.725 1.6247e-06
0.425 0.775 1.25193e-06
0.425 0.825 8.88166e-07
0.425 0.875 5.457e-07
0.425 0.925 3.02278e-07
0.425 0.975 9.45295e-08

0.475 0.025 3.10284e-08
0.475 0.075 9.38135e-08
0.475 0.125 1.82369e-07
0.475 0.175 2.94792e-07
0.475 0.225 4.24479e-07
0.475 0.275 5.48217e-07
0.475 0.325 6.6589e-07
0.475 0.375 7.573e-07
0.475 0.425 8.25973e-07
0.475 0.475 8.60091e-07
0.475 0.525 8.61247e-07
0.475 0.575 8.29291e-07
0.475 0.625 7.62725e-07
0.475 0.675 6.72879e-07
0.475 0.725 5.5682e-07
0.475 0.775 4.33851e-07
0.475 0.825 3.05254e-07
0.475 0.875 1.92857e-07
0.475 0.925 1.02736e-07
0.475 0.975 3.54289e-08

0.525 0.025 -3.54289e-08
0.525 0.075 -1.02736e-07
0.525 0.125 -1.92857e-07
0.525 0.175 -3.05254e-07
0.525 0.225 -4.33851e-07
0.525 0.275 -5.5682e-07
0.525 0.325 -6.72879e-07
0.525 0.375 -7.62725e-07
0.525 0.425 -8.29291e-07
0.525 0.475 -8.61247e-07
0.525 0.525 -8.60091e-07
0.525 0.575 -8.25973e-07
0.525 0.625 -7.573e-07
0.525 0.675 -6.6589e-07
0.525 0.725 -5.48217e-07
0.525 0.775 -4.24479e-07
0.525 0.825 -2.94792e-07
0.525 0.875 -1.82369e-07
0.525 0.925 -9.38135e-08
0.525 0.975 -3.10284e-08

0.575 0.025 -9.45295e-08
0.575 0.075 -3.02278e-07
0.575 0.125 -5.457e-07
0.575 0.175 -8.88166e-07
0.575 0.225 -1.25193e-06
0.575 0.275 -1.6247e-06
0.575 0.325 -1.95726e-06
0.575 0.375 -2.23009e-06
0.575 0.425 -2.42276e-06
0.575 0.475 -2.52141e-06
0.575 0.525 -2.52033e-06
0.575 0.575 -2.41966e-06
0.575 0.625 -2.22502e-06
0.575 0.675 -1.95074e-06
0.575 0.725 -1.6167e-06
0.575 0.775 -1.24324e-06
0.575 0.825 -8.78518e-07
0.575 0.875 -5.36072e-07
0.575 0.925 -2.941e-07
0.575 0.975 -9.04997e-08

0.625 0.025 -1.54292e-07
0.625 0.075 -4.68464e-07
0.625 0.125 -8.55435e-07
0.625 0.175 -1.3852e-06
0.625 0.225 -1.96753e-06
0.625 0.275 -2.54998e-06
0.625 0.325 -3.08318e-06
0.625 0.375 -3.51111e-06
0.625 0.425 -3.82056e-06
0.625 0.475 -3.97601e-06
0.625 0.525 -3.97507e-06
0.625 0.575 -3.81786e-06
0.625 0.625 -3.50673e-06
0.625 0.675 -3.07756e-06
0.625 0.725 -2.54314e-06
0.625 0.775 -1.96015e-06
0.625 0.825 -1.37712e-06
0.625 0.875 -8.47461e-07
0.625 0.925 -4.61725e-07
0.625 0.975 -1.50982e-07

0.675 0.025 -1.98492e-07
0.675 0.075 -6.0361e-07
0.675 0.125 -1.07804e-06
0.675 0.175 -1.76553e-06
0.675 0.225 -2.51041e-06
0.675 0.275 -3.2726e-06
0.675 0.325 -3.96178e-06
0.675 0.375 -4.5233e-06
0.675 0.425 -4.92492e-06
0.675 0.475 -5.12945e-06
0.675 0.525 -5.12873e-06
0.675 0.575 -4.92283e-06
0.675 0.625 -4.51994e-06
0.675 0.675 -3.95749e-06
0.675 0.725 -3.26746e-06
0.675 0.775 -2.50495e-06
0.675 0.825 -1.75969e-06
0.675 0.875 -1.07242e-06
0.675 0.925 -5.98896e-07
0.675 0.975 -1.96181e-07

0.725 0.025 -2.384e-07
0.725 0.075 -6.88859e-07
0.725 0.125 -1.21973e-06
0.725 0.175 -2.00219e-06
0.725 0.225 -2.8679e-06
0.725 0.275 -3.74761e-06
0.725 0.325 -4.55442e-06
0.725 0.375 -5.20493e-06
0.725 0.425 -5.67628e-06
0.725 0.475 -5.91384e-06
0.725 0.525 -5.91337e-06
0.725 0.575 -5.67495e-06
0.725 0.625 -5.20281e-06
0.725 0.675 -4.55175e-06
0.725 0.725 -3.74454e-06
0.725 0.775 -2.86475e-06
0.725 0.825 -1.99908e-06
0.725 0.875 -1.21695e-06
0.725 0.925 -6.86603e-07
0.725 0.975 -2.37314e-07

0.775 0.025 -2.52114e-07
0.775 0.075 -7.22549e-07
0.775 0.125 -1.2598e-06
0.775 0.175 -2.10795e-06
0.775 0.225 -3.04426e-06
0.775 0.275 -4.00866e-06
0.775 0.325 -4.88835e-06
0.775 0.375 -5.60192e-06
0.775 0.425 -6.11659e-06
0.775 0.475 -6.37742e-06
0.775 0.525 -6.37729e-06
0.775 0.575 -6.11623e-06
0.775 0.625 -5.60142e-06
0.775 0.675 -4.88778e-06
0.775 0.725 -4.00821e-06
0.775 0.775 -3.04401e-06
0.775 0.825 -2.10812e-06
0.775 0.875 -1.26036e-06
0.775 0.925 -7.23131e-07
0.775 0.975 -2.52408e-07

0.825 0.025 -2.65166e-07
0.825 0.075 -7.4231e-07
0.825 0.125 -1.2928e-06
0.825 0.175 -2.17736e-06
0.825 0.225 -3.16151e-06
0.825 0.275 -4.16341e-06
0.825 0.325 -5.08229e-06
0.825 0.375 -5.81884e-06
0.825 0.425 -6.35417e-06
0.825 0.475 -6.6228e-06
0.825 0.525 -6.62296e-06
0.825 0.575 -6.35464e-06
0.825 0.625 -5.81972e-06
0.825 0.675 -5.08354e-06
0.825 0.725 -4.16527e-06
0.825 0.775 -3.16384e-06
0.825 0.825 -2.18055e-06
0.825 0.875 -1.29646e-06
0.825 0.925 -7.45624e-07
0.825 0.975 -2.66841e-07

0.875 0.025 -2.42532e-07
0.875 0.075 -7.3488e-07
0.875 0.125 -1.32395e-06
0.875 0.175 -2.26035e-06
0.875 0.225 -3.28259e-06
0.875 0.275 -4.30481e-06
0.875 0.325 -5.23095e-06
0.875 0.375 -5.96634e-06
0.875 0.425 -6.49802e-06
0.875 0.475 -6.76391e-06
0.875 0.525 -6.76421e-06
0.875 0.575 -6.4989e-06
0.875 0.625 -5.96794e-06
0.875 0.675 -5.23319e-06
0.875 0.725 -4.30806e-06
0.875 0.775 -3.28663e-06
0.875 0.825 -2.26578e-06
0.875 0.875 -1.33015e-06
0.875 0.925 -7.40728e-07
0.875 0.975 -2.45594e-07

0.925 0.025 -2.43546e-07
0.925 0.075 -7.75926e-07
0.925 0.125 -1.4015e-06
0.925 0.175 -2.30476e-06
0.925 0.225 -3.25494e-06
0.925 0.275 -4.17099e-06
0.925 0.325 -4.99176e-06
0.925 0.375 -5.62927e-06
0.925 0.425 -6.0908e-06
0.925 0.475 -6.31795e-06
0.925 0.525 -6.31778e-06
0.925 0.575 -6.09035e-06
0.925 0.625 -5.62882e-06
0.925 0.675 -4.99146e-06
0.925 0.725 -4.17155e-06
0.925 0.775 -3.2564e-06
0.925 0.825 -2.30819e-06
0.925 0.875 -1.40644e-06
0.925 0.925 -7.81588e-07
0.925 0.975 -2.46946e-07

0.975 0.025 -1.63552e-07
0.975 0.075 -5.57502e-07
0.975 0.125 -9.90145e-07
0.975 0.175 -1.55642e-06
0.975 0.225 -2.116e-06
0.975 0.275 -2.63082e-06
0.975 0.325 -3.08237e-06
0.975 0.375 -3.42229e-06
0.975 0.425 -3.66883e-06
0.975 0.475 -3.78699e-06
0.975 0.525 -3.78606e-06
0.975 0.575 -3.66615e-06
0.975 0.625 -3.41827e-06
0.975 0.675 -3.07742e-06
0.975 0.725 -2.62593e-06
0.975 0.775 -2.11164e-06
0.975 0.825 -1.55409e-06
0.975 0.875 -9.90023e-07
0.975 0.925 -5.5998e-07
0.975 0.975 -1.65971e-07

