0.2 1.0377
0.6 1.03768
1 1.03777
1.4 1.03778
1.8 1.03769
2.2 1.03773
2.6 1.03786
3 1.03779
3.4 1.03747
3.8 1.03729
4.2 1.03787
4.6 1.03978
5 1.04328
5.4 1.04836
5.8 1.05474
6.2 1.06204
6.6 1.06984
7 1.07776
7.4 1.08548
7.8 1.09276
8.2 1.09944
8.6 1.10542
9 1.11066
9.4 1.11514
9.8 1.11889
10.2 1.12195
10.6 1.12437
11 1.1262
11.4 1.1275
11.8 1.12833
12.2 1.12875
12.6 1.1288
13 1.12854
13.4 1.128
13.8 1.12723
14.2 1.12627
14.6 1.12513
15 1.12386
15.4 1.12248
15.8 1.121
16.2 1.11946
16.6 1.11785
17 1.1162
17.4 1.11452
17.8 1.11282
18.2 1.1111
18.6 1.10939
19 1.10767
19.4 1.10597
19.8 1.10428
20.2 1.10261
20.6 1.10095
21 1.09933
21.4 1.09772
21.8 1.09615
22.2 1.0946
22.6 1.09309
23 1.0916
23.4 1.09016
23.8 1.08873
24.2 1.08735
24.6 1.08599
25 1.08467
25.4 1.08337
25.8 1.08212
26.2 1.08089
26.6 1.0797
27 1.07852
27.4 1.0774
27.8 1.07628
28.2 1.07523
28.6 1.07416
29 1.07316
29.4 1.07215
29.8 1.07121
30.2 1.07024
30.6 1.06936
31 1.06844
31.4 1.06761
31.8 1.06673
32.2 1.06596
32.6 1.06511
33 1.06441
33.4 1.06359
33.8 1.06293
34.2 1.06214
34.6 1.06155
35 1.06077
35.4 1.06024
35.8 1.05948
36.2 1.059
36.6 1.05825
37 1.05784
37.4 1.05709
37.8 1.05675
38.2 1.05598
38.6 1.05573
39 1.05493
39.4 1.05477
39.8 1.05391
