0.025 1.03732
0.075 1.03757
0.125 1.03763
0.175 1.03766
0.225 1.03768
0.275 1.03769
0.325 1.03769
0.375 1.0377
0.425 1.03771
0.475 1.03771
0.525 1.03771
0.575 1.03772
0.625 1.03772
0.675 1.03772
0.725 1.03772
0.775 1.03773
0.825 1.03773
0.875 1.03773
0.925 1.03773
0.975 1.03773
1.025 1.03773
1.075 1.03773
1.125 1.03774
1.175 1.03774
1.225 1.03774
1.275 1.03774
1.325 1.03774
1.375 1.03774
1.425 1.03774
1.475 1.03774
1.525 1.03774
1.575 1.03774
1.625 1.03774
1.675 1.03774
1.725 1.03774
1.775 1.03774
1.825 1.03774
1.875 1.03775
1.925 1.03775
1.975 1.03775
2.025 1.03775
2.075 1.03775
2.125 1.03775
2.175 1.03775
2.225 1.03775
2.275 1.03775
2.325 1.03775
2.375 1.03775
2.425 1.03775
2.475 1.03775
2.525 1.03775
2.575 1.03775
2.625 1.03775
2.675 1.03775
2.725 1.03775
2.775 1.03775
2.825 1.03775
2.875 1.03776
2.925 1.03776
2.975 1.03776
3.025 1.03776
3.075 1.03777
3.125 1.03777
3.175 1.03778
3.225 1.03778
3.275 1.03779
3.325 1.0378
3.375 1.03782
3.425 1.03783
3.475 1.03785
3.525 1.03788
3.575 1.03791
3.625 1.03794
3.675 1.03798
3.725 1.03803
3.775 1.03808
3.825 1.03814
3.875 1.03821
3.925 1.03829
3.975 1.03838
4.025 1.03848
4.075 1.0386
4.125 1.03872
4.175 1.03887
4.225 1.03902
4.275 1.03919
4.325 1.03938
4.375 1.03959
4.425 1.03982
4.475 1.04006
4.525 1.04032
4.575 1.04061
4.625 1.04091
4.675 1.04124
4.725 1.04159
4.775 1.04196
4.825 1.04236
4.875 1.04278
4.925 1.04321
4.975 1.04364
